0	0	1.000000
1	1	1.000000
2	2	1.000000
2	31	0.668579
31	2	0.668579
2	49	0.595066
49	2	0.595066
3	3	1.000000
4	4	1.000000
5	5	1.000000
5	109	0.540174
109	5	0.540174
6	6	1.000000
6	861	0.607047
861	6	0.607047
7	7	1.000000
7	12	0.746885
12	7	0.746885
7	19	0.777803
19	7	0.777803
7	73	0.741034
73	7	0.741034
7	80	0.814507
80	7	0.814507
7	103	0.750521
103	7	0.750521
7	107	0.741957
107	7	0.741957
7	108	0.810963
108	7	0.810963
7	111	0.741880
111	7	0.741880
8	8	1.000000
9	9	1.000000
9	38	0.560729
38	9	0.560729
10	10	1.000000
11	11	1.000000
12	12	1.000000
12	19	0.711736
19	12	0.711736
12	73	0.739368
73	12	0.739368
12	80	0.772039
80	12	0.772039
12	103	0.692301
103	12	0.692301
12	107	0.712006
107	12	0.712006
12	108	0.693981
108	12	0.693981
12	111	0.674691
111	12	0.674691
13	13	1.000000
13	118	0.554779
118	13	0.554779
14	14	1.000000
14	15	0.680479
15	14	0.680479
14	756	0.541526
756	14	0.541526
15	15	1.000000
16	16	1.000000
17	17	1.000000
17	75	0.637566
75	17	0.637566
17	76	0.674121
76	17	0.674121
17	87	0.643599
87	17	0.643599
18	18	1.000000
19	19	1.000000
19	73	0.743578
73	19	0.743578
19	80	0.832535
80	19	0.832535
19	103	0.746996
103	19	0.746996
19	107	0.704810
107	19	0.704810
19	108	0.800512
108	19	0.800512
19	111	0.791299
111	19	0.791299
19	3595	0.554638
3595	19	0.554638
20	20	1.000000
21	21	1.000000
22	22	1.000000
23	23	1.000000
23	889	0.638299
889	23	0.638299
24	24	1.000000
24	35	0.539004
35	24	0.539004
24	128	0.511438
128	24	0.511438
25	25	1.000000
26	26	1.000000
27	27	1.000000
27	58	0.543991
58	27	0.543991
28	28	1.000000
29	29	1.000000
29	406	0.859432
406	29	0.859432
29	507	0.797974
507	29	0.797974
30	30	1.000000
31	31	1.000000
31	49	0.622397
49	31	0.622397
31	2561	0.604367
2561	31	0.604367
32	32	1.000000
33	33	1.000000
34	34	1.000000
34	3491	0.568347
3491	34	0.568347
34	3521	0.784578
3521	34	0.784578
34	3539	0.805776
3539	34	0.805776
35	35	1.000000
36	36	1.000000
37	37	1.000000
38	38	1.000000
39	39	1.000000
40	40	1.000000
41	41	1.000000
42	42	1.000000
43	43	1.000000
44	44	1.000000
44	2773	0.518234
2773	44	0.518234
44	3207	0.716556
3207	44	0.716556
45	45	1.000000
46	46	1.000000
46	85	0.546228
85	46	0.546228
47	47	1.000000
48	48	1.000000
49	49	1.000000
49	110	0.561112
110	49	0.561112
50	50	1.000000
51	51	1.000000
52	52	1.000000
53	53	1.000000
54	54	1.000000
54	81	0.571763
81	54	0.571763
55	55	1.000000
55	860	0.685030
860	55	0.685030
55	3169	0.568459
3169	55	0.568459
56	56	1.000000
57	57	1.000000
58	58	1.000000
59	59	1.000000
60	60	1.000000
60	106	0.687598
106	60	0.687598
61	61	1.000000
61	97	0.659672
97	61	0.659672
61	751	0.612425
751	61	0.612425
61	1007	0.546691
1007	61	0.546691
61	1035	0.622488
1035	61	0.622488
61	1037	0.571245
1037	61	0.571245
61	1122	0.579342
1122	61	0.579342
61	1133	0.552289
1133	61	0.552289
61	1200	0.645479
1200	61	0.645479
61	1532	0.625831
1532	61	0.625831
61	1542	0.620602
1542	61	0.620602
61	1547	0.654190
1547	61	0.654190
61	1557	0.532895
1557	61	0.532895
61	2120	0.543099
2120	61	0.543099
61	2276	0.642207
2276	61	0.642207
61	2452	0.509252
2452	61	0.509252
61	2530	0.542990
2530	61	0.542990
61	2736	0.535299
2736	61	0.535299
61	2923	0.607901
2923	61	0.607901
61	2994	0.567793
2994	61	0.567793
62	62	1.000000
63	63	1.000000
63	69	0.856084
69	63	0.856084
63	72	0.918206
72	63	0.918206
64	64	1.000000
64	567	0.504701
567	64	0.504701
64	959	0.512341
959	64	0.512341
64	973	0.501882
973	64	0.501882
65	65	1.000000
66	66	1.000000
67	67	1.000000
67	2545	0.513084
2545	67	0.513084
68	68	1.000000
68	97	0.537715
97	68	0.537715
69	69	1.000000
69	72	0.837806
72	69	0.837806
70	70	1.000000
71	71	1.000000
71	115	0.519265
115	71	0.519265
72	72	1.000000
73	73	1.000000
73	80	0.822960
80	73	0.822960
73	103	0.714856
103	73	0.714856
73	107	0.713897
107	73	0.713897
73	108	0.781495
108	73	0.781495
73	111	0.742195
111	73	0.742195
73	2714	0.500599
2714	73	0.500599
74	74	1.000000
75	75	1.000000
75	76	0.652609
76	75	0.652609
75	87	0.660086
87	75	0.660086
76	76	1.000000
76	87	0.671785
87	76	0.671785
77	77	1.000000
78	78	1.000000
78	96	0.530136
96	78	0.530136
79	79	1.000000
80	80	1.000000
80	103	0.797048
103	80	0.797048
80	107	0.761801
107	80	0.761801
80	108	0.881559
108	80	0.881559
80	111	0.829069
111	80	0.829069
80	2714	0.519301
2714	80	0.519301
80	3595	0.598361
3595	80	0.598361
81	81	1.000000
81	96	0.636776
96	81	0.636776
82	82	1.000000
83	83	1.000000
84	84	1.000000
85	85	1.000000
86	86	1.000000
86	92	0.527100
92	86	0.527100
87	87	1.000000
88	88	1.000000
89	89	1.000000
90	90	1.000000
90	118	0.504271
118	90	0.504271
91	91	1.000000
92	92	1.000000
93	93	1.000000
94	94	1.000000
95	95	1.000000
96	96	1.000000
97	97	1.000000
97	1547	0.505295
1547	97	0.505295
97	2276	0.509316
2276	97	0.509316
98	98	1.000000
99	99	1.000000
100	100	1.000000
101	101	1.000000
101	104	0.532067
104	101	0.532067
102	102	1.000000
103	103	1.000000
103	107	0.661069
107	103	0.661069
103	108	0.721853
108	103	0.721853
103	111	0.766358
111	103	0.766358
103	3595	0.546024
3595	103	0.546024
104	104	1.000000
105	105	1.000000
106	106	1.000000
106	1196	0.513258
1196	106	0.513258
106	3352	0.533231
3352	106	0.533231
106	3364	0.561314
3364	106	0.561314
106	3426	0.521232
3426	106	0.521232
106	3430	0.505286
3430	106	0.505286
106	3445	0.507477
3445	106	0.507477
107	107	1.000000
107	108	0.715268
108	107	0.715268
107	111	0.701896
111	107	0.701896
108	108	1.000000
108	111	0.817481
111	108	0.817481
108	3595	0.530020
3595	108	0.530020
109	109	1.000000
110	110	1.000000
111	111	1.000000
111	3595	0.510753
3595	111	0.510753
112	112	1.000000
113	113	1.000000
113	121	0.646223
121	113	0.646223
113	126	0.550649
126	113	0.550649
113	138	0.672652
138	113	0.672652
114	114	1.000000
115	115	1.000000
116	116	1.000000
117	117	1.000000
118	118	1.000000
118	130	0.527650
130	118	0.527650
118	139	0.581725
139	118	0.581725
119	119	1.000000
120	120	1.000000
121	121	1.000000
121	126	0.573987
126	121	0.573987
121	138	0.643160
138	121	0.643160
122	122	1.000000
123	123	1.000000
124	124	1.000000
124	1285	0.641473
1285	124	0.641473
124	3056	0.561814
3056	124	0.561814
124	3060	0.530286
3060	124	0.530286
124	3076	0.509805
3076	124	0.509805
124	3089	0.509004
3089	124	0.509004
124	3126	0.517758
3126	124	0.517758
124	3173	0.539020
3173	124	0.539020
125	125	1.000000
126	126	1.000000
126	138	0.562728
138	126	0.562728
127	127	1.000000
128	128	1.000000
129	129	1.000000
130	130	1.000000
131	131	1.000000
131	132	0.645287
132	131	0.645287
131	133	0.544015
133	131	0.544015
131	137	0.592792
137	131	0.592792
132	132	1.000000
132	133	0.620399
133	132	0.620399
132	137	0.605609
137	132	0.605609
133	133	1.000000
133	137	0.652318
137	133	0.652318
134	134	1.000000
135	135	1.000000
136	136	1.000000
137	137	1.000000
138	138	1.000000
139	139	1.000000
140	140	1.000000
141	141	1.000000
142	142	1.000000
143	143	1.000000
144	144	1.000000
144	145	0.706114
145	144	0.706114
144	146	0.776834
146	144	0.776834
144	147	0.677455
147	144	0.677455
144	148	0.730298
148	144	0.730298
144	149	0.750331
149	144	0.750331
144	150	0.774547
150	144	0.774547
144	151	0.734122
151	144	0.734122
144	152	0.849607
152	144	0.849607
144	153	0.745110
153	144	0.745110
144	154	0.575254
154	144	0.575254
144	155	0.706685
155	144	0.706685
145	145	1.000000
145	146	0.752982
146	145	0.752982
145	147	0.802483
147	145	0.802483
145	148	0.794250
148	145	0.794250
145	149	0.823927
149	145	0.823927
145	150	0.868304
150	145	0.868304
145	151	0.816713
151	145	0.816713
145	152	0.833332
152	145	0.833332
145	153	0.762919
153	145	0.762919
145	154	0.619023
154	145	0.619023
145	155	0.827046
155	145	0.827046
146	146	1.000000
146	147	0.733699
147	146	0.733699
146	148	0.790510
148	146	0.790510
146	149	0.792420
149	146	0.792420
146	150	0.802303
150	146	0.802303
146	151	0.770740
151	146	0.770740
146	152	0.841912
152	146	0.841912
146	153	0.749584
153	146	0.749584
146	154	0.631085
154	146	0.631085
146	155	0.752385
155	146	0.752385
147	147	1.000000
147	148	0.787100
148	147	0.787100
147	149	0.774005
149	147	0.774005
147	150	0.814271
150	147	0.814271
147	151	0.778635
151	147	0.778635
147	152	0.804334
152	147	0.804334
147	153	0.745219
153	147	0.745219
147	154	0.644399
154	147	0.644399
147	155	0.791478
155	147	0.791478
148	148	1.000000
148	149	0.808687
149	148	0.808687
148	150	0.841040
150	148	0.841040
148	151	0.816070
151	148	0.816070
148	152	0.854809
152	148	0.854809
148	153	0.808834
153	148	0.808834
148	154	0.667418
154	148	0.667418
148	155	0.811812
155	148	0.811812
149	149	1.000000
149	150	0.887012
150	149	0.887012
149	151	0.823956
151	149	0.823956
149	152	0.850775
152	149	0.850775
149	153	0.784252
153	149	0.784252
149	154	0.628136
154	149	0.628136
149	155	0.812809
155	149	0.812809
150	150	1.000000
150	151	0.859075
151	150	0.859075
150	152	0.893708
152	150	0.893708
150	153	0.816028
153	150	0.816028
150	154	0.664047
154	150	0.664047
150	155	0.855857
155	150	0.855857
151	151	1.000000
151	152	0.865756
152	151	0.865756
151	153	0.776942
153	151	0.776942
151	154	0.644888
154	151	0.644888
151	155	0.837686
155	151	0.837686
152	152	1.000000
152	153	0.848672
153	152	0.848672
152	154	0.702232
154	152	0.702232
152	155	0.844027
155	152	0.844027
153	153	1.000000
153	154	0.669927
154	153	0.669927
153	155	0.789674
155	153	0.789674
154	154	1.000000
154	155	0.644864
155	154	0.644864
155	155	1.000000
156	156	1.000000
157	157	1.000000
158	158	1.000000
158	161	0.547215
161	158	0.547215
159	159	1.000000
160	160	1.000000
160	162	0.996013
162	160	0.996013
160	165	0.994132
165	160	0.994132
160	3619	0.792795
3619	160	0.792795
161	161	1.000000
162	162	1.000000
162	165	0.996707
165	162	0.996707
162	3619	0.792724
3619	162	0.792724
163	163	1.000000
163	164	0.534968
164	163	0.534968
163	166	0.610776
166	163	0.610776
164	164	1.000000
164	166	0.531083
166	164	0.531083
165	165	1.000000
165	3619	0.793705
3619	165	0.793705
166	166	1.000000
167	167	1.000000
168	168	1.000000
168	169	0.617628
169	168	0.617628
168	202	0.512118
202	168	0.512118
169	169	1.000000
169	194	0.519634
194	169	0.519634
169	201	0.514367
201	169	0.514367
169	202	0.519582
202	169	0.519582
170	170	1.000000
171	171	1.000000
171	174	0.670911
174	171	0.670911
171	175	0.538336
175	171	0.538336
171	176	0.575582
176	171	0.575582
171	179	0.523737
179	171	0.523737
171	180	0.546762
180	171	0.546762
171	182	0.590609
182	171	0.590609
171	208	0.613316
208	171	0.613316
171	215	0.655402
215	171	0.655402
171	218	0.676281
218	171	0.676281
171	223	0.600792
223	171	0.600792
171	232	0.667085
232	171	0.667085
171	236	0.591134
236	171	0.591134
171	240	0.598801
240	171	0.598801
171	242	0.609893
242	171	0.609893
171	245	0.561227
245	171	0.561227
171	246	0.589781
246	171	0.589781
171	251	0.679789
251	171	0.679789
171	254	0.655526
254	171	0.655526
171	255	0.703895
255	171	0.703895
171	257	0.555822
257	171	0.555822
171	259	0.623576
259	171	0.623576
171	266	0.535463
266	171	0.535463
171	268	0.636945
268	171	0.636945
171	269	0.661325
269	171	0.661325
171	270	0.643744
270	171	0.643744
171	272	0.687923
272	171	0.687923
171	274	0.572385
274	171	0.572385
171	275	0.575029
275	171	0.575029
171	276	0.715721
276	171	0.715721
171	277	0.683489
277	171	0.683489
171	279	0.619689
279	171	0.619689
171	282	0.665085
282	171	0.665085
171	285	0.568915
285	171	0.568915
172	172	1.000000
173	173	1.000000
173	194	0.500895
194	173	0.500895
173	303	0.571432
303	173	0.571432
173	336	0.536406
336	173	0.536406
173	468	0.509268
468	173	0.509268
174	174	1.000000
174	176	0.616861
176	174	0.616861
174	177	0.525964
177	174	0.525964
174	182	0.507557
182	174	0.507557
174	208	0.525241
208	174	0.525241
174	215	0.608374
215	174	0.608374
174	218	0.574644
218	174	0.574644
174	223	0.557094
223	174	0.557094
174	232	0.655560
232	174	0.655560
174	236	0.514009
236	174	0.514009
174	240	0.514467
240	174	0.514467
174	242	0.514728
242	174	0.514728
174	246	0.549347
246	174	0.549347
174	251	0.585451
251	174	0.585451
174	254	0.557259
254	174	0.557259
174	255	0.579071
255	174	0.579071
174	259	0.523921
259	174	0.523921
174	266	0.510107
266	174	0.510107
174	268	0.587158
268	174	0.587158
174	269	0.582626
269	174	0.582626
174	270	0.532420
270	174	0.532420
174	272	0.626202
272	174	0.626202
174	275	0.502747
275	174	0.502747
174	276	0.616196
276	174	0.616196
174	277	0.591832
277	174	0.591832
174	279	0.594650
279	174	0.594650
174	282	0.568913
282	174	0.568913
174	285	0.554268
285	174	0.554268
175	175	1.000000
175	177	0.633275
177	175	0.633275
175	207	0.638900
207	175	0.638900
175	208	0.532775
208	175	0.532775
175	223	0.623576
223	175	0.623576
175	232	0.521147
232	175	0.521147
175	237	0.549444
237	175	0.549444
175	245	0.563952
245	175	0.563952
175	260	0.513289
260	175	0.513289
175	269	0.635256
269	175	0.635256
175	272	0.528987
272	175	0.528987
175	276	0.545724
276	175	0.545724
175	277	0.590255
277	175	0.590255
175	279	0.547526
279	175	0.547526
175	282	0.593739
282	175	0.593739
176	176	1.000000
176	177	0.742684
177	176	0.742684
176	223	0.549220
223	176	0.549220
176	232	0.597290
232	176	0.597290
176	255	0.553218
255	176	0.553218
176	269	0.506524
269	176	0.506524
176	272	0.590633
272	176	0.590633
176	276	0.532742
276	176	0.532742
176	279	0.601153
279	176	0.601153
176	282	0.516435
282	176	0.516435
177	177	1.000000
177	223	0.576296
223	177	0.576296
177	232	0.553654
232	177	0.553654
177	237	0.579766
237	177	0.579766
177	269	0.534717
269	177	0.534717
177	279	0.542280
279	177	0.542280
177	282	0.533154
282	177	0.533154
178	178	1.000000
178	183	0.622318
183	178	0.622318
179	179	1.000000
179	180	0.600315
180	179	0.600315
179	212	0.503905
212	179	0.503905
179	218	0.579081
218	179	0.579081
179	232	0.582638
232	179	0.582638
179	240	0.534435
240	179	0.534435
179	251	0.506068
251	179	0.506068
179	254	0.511359
254	179	0.511359
179	255	0.510175
255	179	0.510175
179	257	0.536185
257	179	0.536185
179	259	0.568088
259	179	0.568088
179	269	0.510546
269	179	0.510546
180	180	1.000000
180	208	0.503751
208	180	0.503751
180	215	0.518934
215	180	0.518934
180	218	0.548895
218	180	0.548895
180	232	0.585261
232	180	0.585261
180	240	0.525266
240	180	0.525266
180	246	0.506406
246	180	0.506406
180	251	0.514260
251	180	0.514260
180	254	0.506409
254	180	0.506409
180	255	0.536598
255	180	0.536598
180	257	0.573192
257	180	0.573192
180	259	0.562051
259	180	0.562051
180	269	0.539537
269	180	0.539537
180	272	0.542428
272	180	0.542428
180	276	0.519950
276	180	0.519950
180	277	0.510142
277	180	0.510142
180	282	0.504864
282	180	0.504864
181	181	1.000000
181	212	0.550399
212	181	0.550399
181	217	0.502237
217	181	0.502237
181	233	0.566205
233	181	0.566205
181	234	0.547505
234	181	0.547505
181	256	0.540304
256	181	0.540304
181	273	0.516550
273	181	0.516550
182	182	1.000000
182	208	0.546780
208	182	0.546780
182	212	0.512423
212	182	0.512423
182	215	0.601413
215	182	0.601413
182	218	0.586765
218	182	0.586765
182	232	0.582391
232	182	0.582391
182	240	0.644000
240	182	0.644000
182	245	0.521693
245	182	0.521693
182	246	0.514196
246	182	0.514196
182	251	0.573129
251	182	0.573129
182	254	0.557938
254	182	0.557938
182	255	0.564092
255	182	0.564092
182	259	0.647931
259	182	0.647931
182	268	0.551708
268	182	0.551708
182	269	0.592855
269	182	0.592855
182	270	0.535796
270	182	0.535796
182	272	0.540189
272	182	0.540189
182	274	0.522060
274	182	0.522060
182	275	0.565894
275	182	0.565894
182	276	0.546050
276	182	0.546050
182	277	0.590732
277	182	0.590732
182	279	0.501946
279	182	0.501946
182	282	0.567889
282	182	0.567889
183	183	1.000000
184	184	1.000000
184	185	0.580692
185	184	0.580692
184	186	0.536556
186	184	0.536556
184	187	0.594032
187	184	0.594032
184	189	0.520172
189	184	0.520172
184	191	0.528803
191	184	0.528803
184	193	0.574654
193	184	0.574654
184	194	0.510164
194	184	0.510164
184	195	0.545962
195	184	0.545962
184	196	0.642771
196	184	0.642771
184	197	0.563583
197	184	0.563583
184	198	0.546415
198	184	0.546415
184	199	0.531805
199	184	0.531805
184	202	0.506746
202	184	0.506746
184	205	0.558316
205	184	0.558316
184	206	0.507560
206	184	0.507560
185	185	1.000000
185	186	0.628031
186	185	0.628031
185	187	0.564896
187	185	0.564896
185	190	0.575366
190	185	0.575366
185	191	0.605504
191	185	0.605504
185	192	0.507180
192	185	0.507180
185	193	0.657850
193	185	0.657850
185	194	0.505284
194	185	0.505284
185	195	0.565339
195	185	0.565339
185	196	0.677947
196	185	0.677947
185	197	0.725208
197	185	0.725208
185	198	0.558219
198	185	0.558219
185	200	0.557770
200	185	0.557770
185	201	0.519998
201	185	0.519998
185	202	0.594628
202	185	0.594628
185	203	0.631039
203	185	0.631039
185	205	0.605504
205	185	0.605504
185	206	0.539586
206	185	0.539586
186	186	1.000000
186	193	0.629440
193	186	0.629440
186	195	0.506405
195	186	0.506405
186	197	0.740117
197	186	0.740117
186	198	0.703411
198	186	0.703411
187	187	1.000000
187	189	0.614771
189	187	0.614771
187	190	0.578473
190	187	0.578473
187	191	0.626365
191	187	0.626365
187	192	0.541867
192	187	0.541867
187	194	0.605495
194	187	0.605495
187	195	0.553294
195	187	0.553294
187	196	0.616354
196	187	0.616354
187	197	0.501621
197	187	0.501621
187	199	0.576363
199	187	0.576363
187	200	0.529171
200	187	0.529171
187	201	0.573610
201	187	0.573610
187	202	0.589415
202	187	0.589415
187	203	0.660248
203	187	0.660248
187	204	0.607444
204	187	0.607444
187	205	0.718846
205	187	0.718846
187	206	0.603299
206	187	0.603299
188	188	1.000000
188	189	0.527142
189	188	0.527142
188	192	0.579261
192	188	0.579261
188	195	0.661517
195	188	0.661517
188	196	0.544266
196	188	0.544266
188	197	0.560540
197	188	0.560540
188	198	0.582048
198	188	0.582048
188	205	0.527717
205	188	0.527717
188	206	0.545528
206	188	0.545528
189	189	1.000000
189	191	0.538136
191	189	0.538136
189	192	0.514466
192	189	0.514466
189	194	0.566964
194	189	0.566964
189	195	0.529498
195	189	0.529498
189	199	0.583415
199	189	0.583415
189	201	0.590436
201	189	0.590436
189	202	0.510035
202	189	0.510035
189	204	0.529486
204	189	0.529486
189	205	0.529104
205	189	0.529104
189	206	0.532040
206	189	0.532040
190	190	1.000000
190	191	0.599283
191	190	0.599283
190	192	0.525280
192	190	0.525280
190	194	0.598763
194	190	0.598763
190	196	0.522866
196	190	0.522866
190	197	0.503030
197	190	0.503030
190	200	0.546200
200	190	0.546200
190	201	0.525082
201	190	0.525082
190	202	0.502492
202	190	0.502492
190	203	0.607583
203	190	0.607583
190	204	0.564020
204	190	0.564020
190	205	0.546650
205	190	0.546650
190	206	0.567259
206	190	0.567259
191	191	1.000000
191	192	0.535882
192	191	0.535882
191	194	0.639849
194	191	0.639849
191	195	0.593768
195	191	0.593768
191	196	0.601359
196	191	0.601359
191	197	0.564838
197	191	0.564838
191	198	0.505078
198	191	0.505078
191	199	0.538223
199	191	0.538223
191	200	0.500981
200	191	0.500981
191	201	0.565402
201	191	0.565402
191	202	0.610118
202	191	0.610118
191	203	0.696819
203	191	0.696819
191	204	0.547987
204	191	0.547987
191	205	0.601966
205	191	0.601966
191	206	0.591589
206	191	0.591589
192	192	1.000000
192	194	0.606858
194	192	0.606858
192	195	0.589156
195	192	0.589156
192	196	0.587186
196	192	0.587186
192	197	0.548187
197	192	0.548187
192	199	0.530401
199	192	0.530401
192	200	0.508999
200	192	0.508999
192	201	0.580428
201	192	0.580428
192	202	0.675216
202	192	0.675216
192	204	0.729830
204	192	0.729830
192	205	0.548007
205	192	0.548007
192	206	0.611729
206	192	0.611729
193	193	1.000000
193	195	0.504692
195	193	0.504692
193	196	0.607087
196	193	0.607087
193	197	0.651561
197	193	0.651561
193	198	0.533897
198	193	0.533897
193	202	0.518615
202	193	0.518615
194	194	1.000000
194	195	0.525719
195	194	0.525719
194	196	0.516551
196	194	0.516551
194	199	0.569684
199	194	0.569684
194	201	0.579732
201	194	0.579732
194	202	0.573894
202	194	0.573894
194	203	0.585489
203	194	0.585489
194	204	0.676668
204	194	0.676668
194	205	0.537939
205	194	0.537939
194	206	0.555294
206	194	0.555294
195	195	1.000000
195	196	0.621921
196	195	0.621921
195	197	0.623558
197	195	0.623558
195	198	0.623615
198	195	0.623615
195	199	0.501831
199	195	0.501831
195	200	0.537174
200	195	0.537174
195	201	0.557202
201	195	0.557202
195	202	0.543725
202	195	0.543725
195	203	0.510811
203	195	0.510811
195	205	0.578027
205	195	0.578027
195	206	0.563807
206	195	0.563807
195	261	0.529253
261	195	0.529253
196	196	1.000000
196	197	0.596314
197	196	0.596314
196	198	0.515129
198	196	0.515129
196	199	0.516588
199	196	0.516588
196	200	0.560557
200	196	0.560557
196	201	0.561786
201	196	0.561786
196	202	0.622766
202	196	0.622766
196	203	0.572434
203	196	0.572434
196	205	0.619194
205	196	0.619194
196	206	0.576799
206	196	0.576799
197	197	1.000000
197	198	0.695558
198	197	0.695558
197	205	0.512814
205	197	0.512814
197	206	0.537439
206	197	0.537439
198	198	1.000000
199	199	1.000000
199	201	0.558154
201	199	0.558154
199	202	0.541255
202	199	0.541255
199	204	0.555067
204	199	0.555067
200	200	1.000000
200	203	0.563837
203	200	0.563837
200	204	0.502078
204	200	0.502078
200	205	0.533066
205	200	0.533066
200	206	0.565833
206	200	0.565833
201	201	1.000000
201	202	0.635877
202	201	0.635877
201	203	0.513147
203	201	0.513147
201	204	0.561885
204	201	0.561885
201	205	0.568740
205	201	0.568740
202	202	1.000000
202	203	0.587176
203	202	0.587176
202	204	0.629567
204	202	0.629567
202	205	0.648179
205	202	0.648179
202	206	0.609425
206	202	0.609425
203	203	1.000000
203	204	0.520598
204	203	0.520598
203	205	0.637157
205	203	0.637157
203	206	0.564896
206	203	0.564896
204	204	1.000000
204	206	0.591580
206	204	0.591580
205	205	1.000000
205	206	0.592017
206	205	0.592017
206	206	1.000000
207	207	1.000000
207	208	0.627975
208	207	0.627975
207	214	0.506047
214	207	0.506047
207	223	0.576484
223	207	0.576484
207	232	0.529350
232	207	0.529350
207	240	0.523561
240	207	0.523561
207	245	0.627289
245	207	0.627289
207	246	0.501789
246	207	0.501789
207	249	0.560141
249	207	0.560141
207	251	0.514786
251	207	0.514786
207	254	0.503513
254	207	0.503513
207	257	0.518990
257	207	0.518990
207	260	0.560670
260	207	0.560670
207	264	0.563590
264	207	0.563590
207	269	0.613283
269	207	0.613283
207	274	0.547600
274	207	0.547600
207	275	0.509546
275	207	0.509546
207	277	0.606037
277	207	0.606037
207	282	0.573283
282	207	0.573283
208	208	1.000000
208	215	0.574328
215	208	0.574328
208	218	0.578492
218	208	0.578492
208	223	0.543214
223	208	0.543214
208	232	0.656154
232	208	0.656154
208	240	0.597856
240	208	0.597856
208	245	0.596566
245	208	0.596566
208	246	0.586849
246	208	0.586849
208	251	0.603355
251	208	0.603355
208	254	0.598671
254	208	0.598671
208	255	0.566506
255	208	0.566506
208	257	0.573349
257	208	0.573349
208	259	0.592593
259	208	0.592593
208	260	0.527544
260	208	0.527544
208	264	0.558274
264	208	0.558274
208	266	0.515483
266	208	0.515483
208	268	0.592623
268	208	0.592623
208	269	0.647973
269	208	0.647973
208	270	0.524214
270	208	0.524214
208	272	0.617927
272	208	0.617927
208	274	0.628818
274	208	0.628818
208	275	0.601063
275	208	0.601063
208	276	0.640069
276	208	0.640069
208	277	0.640507
277	208	0.640507
208	279	0.564069
279	208	0.564069
208	282	0.630106
282	208	0.630106
209	209	1.000000
210	210	1.000000
210	214	0.520321
214	210	0.520321
210	232	0.514997
232	210	0.514997
211	211	1.000000
212	212	1.000000
212	214	0.529817
214	212	0.529817
212	218	0.565628
218	212	0.565628
212	240	0.544666
240	212	0.544666
212	251	0.502576
251	212	0.502576
212	256	0.518944
256	212	0.518944
212	259	0.566099
259	212	0.566099
212	266	0.542168
266	212	0.542168
212	273	0.608107
273	212	0.608107
213	213	1.000000
214	214	1.000000
214	232	0.510179
232	214	0.510179
214	240	0.506517
240	214	0.506517
214	254	0.502047
254	214	0.502047
214	264	0.530255
264	214	0.530255
214	273	0.534347
273	214	0.534347
215	215	1.000000
215	218	0.573338
218	215	0.573338
215	223	0.515787
223	215	0.515787
215	232	0.676588
232	215	0.676588
215	236	0.548779
236	215	0.548779
215	240	0.534868
240	215	0.534868
215	242	0.550056
242	215	0.550056
215	245	0.574724
245	215	0.574724
215	246	0.599867
246	215	0.599867
215	251	0.656148
251	215	0.656148
215	254	0.587160
254	215	0.587160
215	255	0.632968
255	215	0.632968
215	257	0.502670
257	215	0.502670
215	259	0.652142
259	215	0.652142
215	266	0.515865
266	215	0.515865
215	268	0.576179
268	215	0.576179
215	269	0.627545
269	215	0.627545
215	270	0.601340
270	215	0.601340
215	272	0.586404
272	215	0.586404
215	275	0.533897
275	215	0.533897
215	276	0.593552
276	215	0.593552
215	277	0.587640
277	215	0.587640
215	279	0.579179
279	215	0.579179
215	282	0.566470
282	215	0.566470
215	285	0.541469
285	215	0.541469
216	216	1.000000
217	217	1.000000
217	273	0.527610
273	217	0.527610
218	218	1.000000
218	223	0.510068
223	218	0.510068
218	232	0.623951
232	218	0.623951
218	240	0.630140
240	218	0.630140
218	242	0.511740
242	218	0.511740
218	245	0.533633
245	218	0.533633
218	246	0.554687
246	218	0.554687
218	251	0.610585
251	218	0.610585
218	254	0.625080
254	218	0.625080
218	255	0.641885
255	218	0.641885
218	257	0.517981
257	218	0.517981
218	259	0.633382
259	218	0.633382
218	266	0.569490
266	218	0.569490
218	268	0.570351
268	218	0.570351
218	269	0.616863
269	218	0.616863
218	270	0.602727
270	218	0.602727
218	272	0.602640
272	218	0.602640
218	275	0.578429
275	218	0.578429
218	276	0.584599
276	218	0.584599
218	277	0.646171
277	218	0.646171
218	279	0.514380
279	218	0.514380
218	282	0.597668
282	218	0.597668
218	285	0.547386
285	218	0.547386
219	219	1.000000
219	220	0.504315
220	219	0.504315
220	220	1.000000
221	221	1.000000
222	222	1.000000
223	223	1.000000
223	232	0.649901
232	223	0.649901
223	245	0.600904
245	223	0.600904
223	246	0.565829
246	223	0.565829
223	251	0.592949
251	223	0.592949
223	254	0.568022
254	223	0.568022
223	255	0.564977
255	223	0.564977
223	257	0.613963
257	223	0.613963
223	260	0.558281
260	223	0.558281
223	268	0.530653
268	223	0.530653
223	269	0.664937
269	223	0.664937
223	270	0.537593
270	223	0.537593
223	272	0.648996
272	223	0.648996
223	276	0.564652
276	223	0.564652
223	277	0.610737
277	223	0.610737
223	279	0.683712
279	223	0.683712
223	282	0.677553
282	223	0.677553
224	224	1.000000
224	238	0.548250
238	224	0.548250
224	239	0.753661
239	224	0.753661
224	258	0.640607
258	224	0.640607
224	545	0.505683
545	224	0.505683
224	549	0.565071
549	224	0.565071
225	225	1.000000
225	267	0.519682
267	225	0.519682
226	226	1.000000
227	227	1.000000
227	228	0.738293
228	227	0.738293
228	228	1.000000
229	229	1.000000
230	230	1.000000
230	266	0.501584
266	230	0.501584
231	231	1.000000
232	232	1.000000
232	236	0.521562
236	232	0.521562
232	240	0.606023
240	232	0.606023
232	242	0.559371
242	232	0.559371
232	245	0.647029
245	232	0.647029
232	246	0.613845
246	232	0.613845
232	251	0.670799
251	232	0.670799
232	254	0.629954
254	232	0.629954
232	255	0.636488
255	232	0.636488
232	257	0.617047
257	232	0.617047
232	259	0.630041
259	232	0.630041
232	260	0.561219
260	232	0.561219
232	264	0.512973
264	232	0.512973
232	266	0.547768
266	232	0.547768
232	268	0.615032
268	232	0.615032
232	269	0.688381
269	232	0.688381
232	270	0.599297
270	232	0.599297
232	272	0.644301
272	232	0.644301
232	274	0.555176
274	232	0.555176
232	275	0.569466
275	232	0.569466
232	276	0.662363
276	232	0.662363
232	277	0.659283
277	232	0.659283
232	279	0.656794
279	232	0.656794
232	282	0.663011
282	232	0.663011
232	285	0.571191
285	232	0.571191
233	233	1.000000
234	234	1.000000
234	256	0.536200
256	234	0.536200
235	235	1.000000
236	236	1.000000
236	242	0.671375
242	236	0.671375
236	251	0.529795
251	236	0.529795
236	255	0.528988
255	236	0.528988
236	268	0.550895
268	236	0.550895
236	270	0.503393
270	236	0.503393
236	272	0.536249
272	236	0.536249
236	276	0.580032
276	236	0.580032
236	277	0.521412
277	236	0.521412
236	285	0.723945
285	236	0.723945
237	237	1.000000
238	238	1.000000
238	239	0.678889
239	238	0.678889
239	239	1.000000
239	258	0.767022
258	239	0.767022
239	545	0.650651
545	239	0.650651
239	549	0.621120
549	239	0.621120
239	550	0.522099
550	239	0.522099
240	240	1.000000
240	251	0.537256
251	240	0.537256
240	254	0.556544
254	240	0.556544
240	255	0.587655
255	240	0.587655
240	257	0.592084
257	240	0.592084
240	259	0.661263
259	240	0.661263
240	264	0.553481
264	240	0.553481
240	266	0.562786
266	240	0.562786
240	268	0.528026
268	240	0.528026
240	269	0.550446
269	240	0.550446
240	270	0.543938
270	240	0.543938
240	272	0.542428
272	240	0.542428
240	274	0.587905
274	240	0.587905
240	275	0.603673
275	240	0.603673
240	276	0.575738
276	240	0.575738
240	277	0.611252
277	240	0.611252
240	282	0.547899
282	240	0.547899
241	241	1.000000
241	263	0.658013
263	241	0.658013
242	242	1.000000
242	246	0.502645
246	242	0.502645
242	251	0.550261
251	242	0.550261
242	254	0.514097
254	242	0.514097
242	255	0.563776
255	242	0.563776
242	268	0.536354
268	242	0.536354
242	269	0.511767
269	242	0.511767
242	272	0.602272
272	242	0.602272
242	276	0.566914
276	242	0.566914
242	277	0.504229
277	242	0.504229
242	279	0.538465
279	242	0.538465
242	285	0.683795
285	242	0.683795
243	243	1.000000
243	283	0.912665
283	243	0.912665
243	1056	0.600403
1056	243	0.600403
243	1081	0.508019
1081	243	0.508019
244	244	1.000000
245	245	1.000000
245	246	0.711577
246	245	0.711577
245	251	0.615683
251	245	0.615683
245	254	0.583423
254	245	0.583423
245	255	0.644111
255	245	0.644111
245	257	0.503328
257	245	0.503328
245	259	0.517376
259	245	0.517376
245	260	0.536980
260	245	0.536980
245	266	0.526848
266	245	0.526848
245	268	0.536035
268	245	0.536035
245	269	0.691635
269	245	0.691635
245	270	0.578126
270	245	0.578126
245	272	0.589792
272	245	0.589792
245	274	0.505057
274	245	0.505057
245	275	0.535421
275	245	0.535421
245	276	0.589416
276	245	0.589416
245	277	0.653630
277	245	0.653630
245	279	0.566404
279	245	0.566404
245	282	0.639779
282	245	0.639779
246	246	1.000000
246	251	0.596884
251	246	0.596884
246	254	0.586271
254	246	0.586271
246	255	0.672883
255	246	0.672883
246	259	0.555961
259	246	0.555961
246	260	0.506367
260	246	0.506367
246	266	0.514456
266	246	0.514456
246	268	0.586829
268	246	0.586829
246	269	0.635883
269	246	0.635883
246	270	0.570152
270	246	0.570152
246	272	0.661137
272	246	0.661137
246	275	0.524241
275	246	0.524241
246	276	0.607242
276	246	0.607242
246	277	0.588851
277	246	0.588851
246	279	0.586873
279	246	0.586873
246	282	0.597092
282	246	0.597092
246	285	0.514540
285	246	0.514540
247	247	1.000000
247	305	0.671186
305	247	0.671186
247	370	0.635177
370	247	0.635177
247	391	0.622452
391	247	0.622452
247	416	0.829888
416	247	0.829888
247	428	0.549342
428	247	0.549342
247	481	0.713326
481	247	0.713326
247	499	0.808624
499	247	0.808624
247	505	0.654776
505	247	0.654776
247	513	0.771345
513	247	0.771345
248	248	1.000000
249	249	1.000000
250	250	1.000000
251	251	1.000000
251	254	0.649048
254	251	0.649048
251	255	0.650832
255	251	0.650832
251	257	0.544830
257	251	0.544830
251	259	0.642808
259	251	0.642808
251	266	0.558412
266	251	0.558412
251	268	0.626377
268	251	0.626377
251	269	0.671913
269	251	0.671913
251	270	0.618706
270	251	0.618706
251	272	0.645639
272	251	0.645639
251	274	0.503616
274	251	0.503616
251	275	0.560519
275	251	0.560519
251	276	0.624214
276	251	0.624214
251	277	0.637779
277	251	0.637779
251	279	0.600026
279	251	0.600026
251	282	0.641800
282	251	0.641800
251	285	0.545733
285	251	0.545733
252	252	1.000000
253	253	1.000000
253	627	0.732184
627	253	0.732184
254	254	1.000000
254	255	0.657632
255	254	0.657632
254	257	0.547503
257	254	0.547503
254	259	0.603582
259	254	0.603582
254	266	0.518414
266	254	0.518414
254	268	0.632377
268	254	0.632377
254	269	0.675458
269	254	0.675458
254	270	0.640482
270	254	0.640482
254	272	0.659127
272	254	0.659127
254	274	0.519176
274	254	0.519176
254	275	0.553250
275	254	0.553250
254	276	0.644015
276	254	0.644015
254	277	0.645363
277	254	0.645363
254	279	0.599087
279	254	0.599087
254	282	0.630515
282	254	0.630515
254	285	0.544917
285	254	0.544917
255	255	1.000000
255	257	0.524698
257	255	0.524698
255	259	0.648827
259	255	0.648827
255	268	0.610607
268	255	0.610607
255	269	0.659142
269	255	0.659142
255	270	0.623892
270	255	0.623892
255	272	0.662024
272	255	0.662024
255	274	0.519162
274	255	0.519162
255	275	0.545234
275	255	0.545234
255	276	0.613821
276	255	0.613821
255	277	0.613769
277	255	0.613769
255	279	0.610240
279	255	0.610240
255	282	0.631063
282	255	0.631063
255	285	0.569563
285	255	0.569563
256	256	1.000000
257	257	1.000000
257	259	0.585781
259	257	0.585781
257	260	0.539228
260	257	0.539228
257	264	0.605504
264	257	0.605504
257	269	0.600766
269	257	0.600766
257	272	0.567107
272	257	0.567107
257	276	0.543524
276	257	0.543524
257	277	0.554415
277	257	0.554415
257	279	0.561475
279	257	0.561475
257	282	0.590736
282	257	0.590736
258	258	1.000000
258	545	0.723968
545	258	0.723968
258	550	0.582386
550	258	0.582386
259	259	1.000000
259	264	0.520457
264	259	0.520457
259	266	0.510137
266	259	0.510137
259	268	0.528291
268	259	0.528291
259	269	0.588021
269	259	0.588021
259	270	0.625141
270	259	0.625141
259	272	0.561168
272	259	0.561168
259	274	0.524623
274	259	0.524623
259	275	0.556419
275	259	0.556419
259	276	0.566317
276	259	0.566317
259	277	0.574487
277	259	0.574487
259	279	0.512755
279	259	0.512755
259	282	0.567022
282	259	0.567022
260	260	1.000000
260	269	0.560770
269	260	0.560770
260	272	0.507577
272	260	0.507577
260	276	0.505952
276	260	0.505952
260	277	0.513293
277	260	0.513293
260	279	0.505499
279	260	0.505499
260	282	0.531749
282	260	0.531749
261	261	1.000000
261	262	0.685446
262	261	0.685446
262	262	1.000000
263	263	1.000000
264	264	1.000000
264	269	0.567293
269	264	0.567293
264	277	0.555103
277	264	0.555103
264	282	0.563254
282	264	0.563254
265	265	1.000000
266	266	1.000000
266	268	0.519748
268	266	0.519748
266	269	0.508910
269	266	0.508910
266	270	0.572294
270	266	0.572294
266	272	0.527842
272	266	0.527842
266	276	0.514312
276	266	0.514312
266	277	0.574697
277	266	0.574697
267	267	1.000000
268	268	1.000000
268	269	0.630168
269	268	0.630168
268	270	0.559692
270	268	0.559692
268	272	0.680458
272	268	0.680458
268	274	0.592161
274	268	0.592161
268	275	0.674871
275	268	0.674871
268	276	0.707183
276	268	0.707183
268	277	0.633367
277	268	0.633367
268	279	0.598698
279	268	0.598698
268	282	0.570955
282	268	0.570955
268	285	0.588007
285	268	0.588007
269	269	1.000000
269	270	0.608694
270	269	0.608694
269	272	0.659040
272	269	0.659040
269	274	0.533007
274	269	0.533007
269	275	0.574593
275	269	0.574593
269	276	0.685242
276	269	0.685242
269	277	0.714068
277	269	0.714068
269	279	0.656229
279	269	0.656229
269	282	0.725122
282	269	0.725122
269	285	0.505155
285	269	0.505155
270	270	1.000000
270	272	0.621699
272	270	0.621699
270	275	0.502288
275	270	0.502288
270	276	0.578136
276	270	0.578136
270	277	0.586998
277	270	0.586998
270	279	0.542028
279	270	0.542028
270	282	0.555298
282	270	0.555298
271	271	1.000000
272	272	1.000000
272	274	0.550343
274	272	0.550343
272	275	0.564987
275	272	0.564987
272	276	0.684335
276	272	0.684335
272	277	0.636198
277	272	0.636198
272	279	0.684611
279	272	0.684611
272	282	0.678222
282	272	0.678222
272	285	0.565653
285	272	0.565653
273	273	1.000000
274	274	1.000000
274	275	0.688926
275	274	0.688926
274	276	0.652272
276	274	0.652272
274	277	0.601378
277	274	0.601378
274	282	0.504071
282	274	0.504071
275	275	1.000000
275	276	0.684749
276	275	0.684749
275	277	0.684980
277	275	0.684980
275	282	0.534819
282	275	0.534819
276	276	1.000000
276	277	0.730671
277	276	0.730671
276	279	0.608883
279	276	0.608883
276	282	0.646745
282	276	0.646745
276	285	0.578652
285	276	0.578652
277	277	1.000000
277	279	0.640682
279	277	0.640682
277	282	0.682052
282	277	0.682052
277	285	0.537165
285	277	0.537165
278	278	1.000000
279	279	1.000000
279	282	0.653120
282	279	0.653120
279	285	0.507472
285	279	0.507472
280	280	1.000000
281	281	1.000000
282	282	1.000000
283	283	1.000000
283	1056	0.651620
1056	283	0.651620
283	1081	0.599877
1081	283	0.599877
284	284	1.000000
285	285	1.000000
286	286	1.000000
287	287	1.000000
287	293	0.521945
293	287	0.521945
287	423	0.588048
423	287	0.588048
288	288	1.000000
288	346	0.884165
346	288	0.884165
288	531	0.836640
531	288	0.836640
288	3019	0.777467
3019	288	0.777467
289	289	1.000000
289	536	0.722508
536	289	0.722508
290	290	1.000000
290	520	0.589000
520	290	0.589000
290	521	0.553384
521	290	0.553384
290	530	0.546631
530	290	0.546631
291	291	1.000000
291	468	0.626346
468	291	0.626346
291	491	0.546455
491	291	0.546455
292	292	1.000000
292	293	0.543777
293	292	0.543777
292	351	0.607439
351	292	0.607439
292	390	0.571017
390	292	0.571017
293	293	1.000000
293	344	0.502059
344	293	0.502059
293	351	0.514022
351	293	0.514022
293	352	0.506661
352	293	0.506661
293	360	0.607129
360	293	0.607129
293	390	0.531747
390	293	0.531747
293	423	0.631234
423	293	0.631234
293	426	0.514874
426	293	0.514874
293	470	0.510753
470	293	0.510753
293	510	0.573395
510	293	0.573395
293	514	0.541734
514	293	0.541734
294	294	1.000000
294	475	0.727137
475	294	0.727137
295	295	1.000000
295	355	0.535643
355	295	0.535643
295	375	0.635448
375	295	0.635448
296	296	1.000000
296	334	0.507097
334	296	0.507097
296	506	0.551994
506	296	0.551994
296	518	0.504515
518	296	0.504515
297	297	1.000000
298	298	1.000000
298	332	0.518248
332	298	0.518248
298	342	0.512387
342	298	0.512387
298	441	0.542207
441	298	0.542207
299	299	1.000000
299	309	0.528518
309	299	0.528518
299	381	0.704128
381	299	0.704128
299	394	0.500702
394	299	0.500702
300	300	1.000000
300	304	0.754577
304	300	0.754577
300	314	0.579668
314	300	0.579668
300	327	0.853881
327	300	0.853881
300	334	0.832717
334	300	0.832717
300	397	0.688822
397	300	0.688822
300	403	0.682698
403	300	0.682698
300	425	0.745936
425	300	0.745936
300	458	0.857325
458	300	0.857325
300	506	0.741202
506	300	0.741202
300	516	0.739754
516	300	0.739754
300	518	0.703479
518	300	0.703479
300	2850	0.506345
2850	300	0.506345
301	301	1.000000
301	330	0.612704
330	301	0.612704
301	410	0.513783
410	301	0.513783
302	302	1.000000
303	303	1.000000
303	318	0.564858
318	303	0.564858
303	336	0.559584
336	303	0.559584
303	443	0.530171
443	303	0.530171
303	468	0.582467
468	303	0.582467
303	491	0.534291
491	303	0.534291
304	304	1.000000
304	314	0.528539
314	304	0.528539
304	327	0.749207
327	304	0.749207
304	334	0.717056
334	304	0.717056
304	397	0.583251
397	304	0.583251
304	403	0.614304
403	304	0.614304
304	425	0.672594
425	304	0.672594
304	458	0.726051
458	304	0.726051
304	506	0.641585
506	304	0.641585
304	516	0.674620
516	304	0.674620
304	518	0.634471
518	304	0.634471
305	305	1.000000
305	312	0.735931
312	305	0.735931
305	370	0.589851
370	305	0.589851
305	391	0.535766
391	305	0.535766
305	416	0.729181
416	305	0.729181
305	428	0.797562
428	305	0.797562
305	481	0.643231
481	305	0.643231
305	499	0.693918
499	305	0.693918
305	505	0.693089
505	305	0.693089
305	513	0.622166
513	305	0.622166
306	306	1.000000
306	344	0.608612
344	306	0.608612
307	307	1.000000
307	342	0.537570
342	307	0.537570
308	308	1.000000
308	316	0.687581
316	308	0.687581
308	1156	0.532457
1156	308	0.532457
308	1437	0.535805
1437	308	0.535805
309	309	1.000000
309	381	0.807191
381	309	0.807191
309	394	0.737329
394	309	0.737329
310	310	1.000000
310	318	0.504224
318	310	0.504224
310	337	0.504850
337	310	0.504850
310	461	0.532881
461	310	0.532881
311	311	1.000000
312	312	1.000000
312	416	0.521595
416	312	0.521595
312	428	0.853490
428	312	0.853490
312	505	0.508362
505	312	0.508362
313	313	1.000000
314	314	1.000000
314	327	0.544714
327	314	0.544714
314	334	0.500693
334	314	0.500693
314	425	0.515363
425	314	0.515363
314	458	0.531387
458	314	0.531387
315	315	1.000000
315	340	0.609479
340	315	0.609479
315	366	0.540658
366	315	0.540658
316	316	1.000000
317	317	1.000000
317	375	0.542444
375	317	0.542444
317	415	0.842398
415	317	0.842398
318	318	1.000000
318	332	0.529411
332	318	0.529411
318	336	0.516646
336	318	0.516646
318	339	0.504245
339	318	0.504245
318	392	0.524482
392	318	0.524482
318	468	0.599059
468	318	0.599059
318	491	0.583656
491	318	0.583656
319	319	1.000000
320	320	1.000000
320	395	0.667967
395	320	0.667967
320	461	0.559962
461	320	0.559962
321	321	1.000000
321	330	0.518304
330	321	0.518304
321	410	0.696380
410	321	0.696380
321	525	0.795989
525	321	0.795989
322	322	1.000000
323	323	1.000000
324	324	1.000000
324	377	0.781435
377	324	0.781435
324	402	0.894311
402	324	0.894311
324	409	0.598857
409	324	0.598857
324	480	0.904430
480	324	0.904430
324	492	0.875100
492	324	0.875100
325	325	1.000000
326	326	1.000000
326	398	0.570361
398	326	0.570361
326	418	0.550540
418	326	0.550540
326	453	0.593894
453	326	0.593894
327	327	1.000000
327	334	0.837906
334	327	0.837906
