0	0	1.000000
0	777	0.415725
777	0	0.415725
1	1	1.000000
2	2	1.000000
2	31	0.668579
31	2	0.668579
2	49	0.595066
49	2	0.595066
2	110	0.472885
110	2	0.472885
2	1144	0.403041
1144	2	0.403041
2	2561	0.458163
2561	2	0.458163
3	3	1.000000
4	4	1.000000
4	78	0.404265
78	4	0.404265
4	81	0.412975
81	4	0.412975
4	96	0.418080
96	4	0.418080
4	122	0.401480
122	4	0.401480
5	5	1.000000
5	45	0.476755
45	5	0.476755
5	109	0.540174
109	5	0.540174
5	114	0.483342
114	5	0.483342
5	115	0.404971
115	5	0.404971
6	6	1.000000
6	861	0.607047
861	6	0.607047
7	7	1.000000
7	12	0.746885
12	7	0.746885
7	19	0.777803
19	7	0.777803
7	73	0.741034
73	7	0.741034
7	80	0.814507
80	7	0.814507
7	103	0.750521
103	7	0.750521
7	107	0.741957
107	7	0.741957
7	108	0.810963
108	7	0.810963
7	111	0.741880
111	7	0.741880
7	2714	0.429769
2714	7	0.429769
7	3595	0.492592
3595	7	0.492592
8	8	1.000000
8	1422	0.434108
1422	8	0.434108
9	9	1.000000
9	38	0.560729
38	9	0.560729
10	10	1.000000
11	11	1.000000
11	56	0.433283
56	11	0.433283
12	12	1.000000
12	19	0.711736
19	12	0.711736
12	73	0.739368
73	12	0.739368
12	80	0.772039
80	12	0.772039
12	103	0.692301
103	12	0.692301
12	107	0.712006
107	12	0.712006
12	108	0.693981
108	12	0.693981
12	111	0.674691
111	12	0.674691
12	2714	0.462394
2714	12	0.462394
12	3595	0.460576
3595	12	0.460576
13	13	1.000000
13	71	0.422848
71	13	0.422848
13	90	0.490017
90	13	0.490017
13	111	0.409162
111	13	0.409162
13	118	0.554779
118	13	0.554779
13	130	0.462759
130	13	0.462759
13	136	0.405793
136	13	0.405793
13	139	0.466404
139	13	0.466404
13	836	0.419579
836	13	0.419579
14	14	1.000000
14	15	0.680479
15	14	0.680479
14	756	0.541526
756	14	0.541526
15	15	1.000000
15	756	0.498156
756	15	0.498156
16	16	1.000000
17	17	1.000000
17	75	0.637566
75	17	0.637566
17	76	0.674121
76	17	0.674121
17	87	0.643599
87	17	0.643599
18	18	1.000000
18	66	0.402146
66	18	0.402146
19	19	1.000000
19	73	0.743578
73	19	0.743578
19	80	0.832535
80	19	0.832535
19	103	0.746996
103	19	0.746996
19	107	0.704810
107	19	0.704810
19	108	0.800512
108	19	0.800512
19	111	0.791299
111	19	0.791299
19	2714	0.425619
2714	19	0.425619
19	3595	0.554638
3595	19	0.554638
20	20	1.000000
20	94	0.400387
94	20	0.400387
20	2556	0.469472
2556	20	0.469472
21	21	1.000000
21	75	0.430936
75	21	0.430936
21	76	0.403344
76	21	0.403344
21	2704	0.401361
2704	21	0.401361
22	22	1.000000
23	23	1.000000
23	889	0.638299
889	23	0.638299
24	24	1.000000
24	35	0.539004
35	24	0.539004
24	128	0.511438
128	24	0.511438
25	25	1.000000
26	26	1.000000
27	27	1.000000
27	41	0.459892
41	27	0.459892
27	58	0.543991
58	27	0.543991
27	74	0.417865
74	27	0.417865
28	28	1.000000
28	1317	0.443943
1317	28	0.443943
29	29	1.000000
29	406	0.859432
406	29	0.859432
29	507	0.797974
507	29	0.797974
30	30	1.000000
31	31	1.000000
31	49	0.622397
49	31	0.622397
31	99	0.491677
99	31	0.491677
31	110	0.411261
110	31	0.411261
31	2561	0.604367
2561	31	0.604367
32	32	1.000000
32	64	0.406702
64	32	0.406702
33	33	1.000000
33	54	0.406150
54	33	0.406150
33	78	0.413414
78	33	0.413414
33	81	0.412169
81	33	0.412169
33	96	0.454940
96	33	0.454940
34	34	1.000000
34	59	0.469335
59	34	0.469335
34	3491	0.568347
3491	34	0.568347
34	3514	0.430857
3514	34	0.430857
34	3521	0.784578
3521	34	0.784578
34	3539	0.805776
3539	34	0.805776
35	35	1.000000
35	128	0.453892
128	35	0.453892
36	36	1.000000
37	37	1.000000
38	38	1.000000
39	39	1.000000
39	102	0.445693
102	39	0.445693
40	40	1.000000
41	41	1.000000
41	101	0.454528
101	41	0.454528
41	104	0.481606
104	41	0.481606
42	42	1.000000
43	43	1.000000
44	44	1.000000
44	2773	0.518234
2773	44	0.518234
44	3207	0.716556
3207	44	0.716556
44	3243	0.437495
3243	44	0.437495
44	3287	0.492221
3287	44	0.492221
45	45	1.000000
45	71	0.496480
71	45	0.496480
45	109	0.470905
109	45	0.470905
46	46	1.000000
46	85	0.546228
85	46	0.546228
46	317	0.464941
317	46	0.464941
46	415	0.400941
415	46	0.400941
47	47	1.000000
48	48	1.000000
49	49	1.000000
49	110	0.561112
110	49	0.561112
49	1144	0.413261
1144	49	0.413261
49	2561	0.493118
2561	49	0.493118
50	50	1.000000
51	51	1.000000
52	52	1.000000
52	64	0.476244
64	52	0.476244
53	53	1.000000
54	54	1.000000
54	57	0.415066
57	54	0.415066
54	78	0.484270
78	54	0.484270
54	81	0.571763
81	54	0.571763
54	96	0.470504
96	54	0.470504
54	100	0.442582
100	54	0.442582
54	135	0.406054
135	54	0.406054
54	137	0.410893
137	54	0.410893
55	55	1.000000
55	326	0.420093
326	55	0.420093
55	860	0.685030
860	55	0.685030
55	3169	0.568459
3169	55	0.568459
56	56	1.000000
57	57	1.000000
57	81	0.404588
81	57	0.404588
57	96	0.417218
96	57	0.417218
57	137	0.447535
137	57	0.447535
58	58	1.000000
58	74	0.475474
74	58	0.475474
59	59	1.000000
60	60	1.000000
60	106	0.687598
106	60	0.687598
60	1196	0.487991
1196	60	0.487991
60	3316	0.446461
3316	60	0.446461
60	3336	0.416233
3336	60	0.416233
60	3343	0.400216
3343	60	0.400216
60	3352	0.499386
3352	60	0.499386
60	3364	0.497588
3364	60	0.497588
60	3417	0.400106
3417	60	0.400106
60	3426	0.456296
3426	60	0.456296
60	3430	0.458404
3430	60	0.458404
60	3445	0.432136
3445	60	0.432136
60	3457	0.437396
3457	60	0.437396
60	3518	0.457324
3518	60	0.457324
60	3552	0.421507
3552	60	0.421507
61	61	1.000000
61	68	0.477375
68	61	0.477375
61	97	0.659672
97	61	0.659672
61	603	0.462946
603	61	0.462946
61	751	0.612425
751	61	0.612425
61	847	0.481827
847	61	0.481827
61	1007	0.546691
1007	61	0.546691
61	1020	0.413607
1020	61	0.413607
61	1035	0.622488
1035	61	0.622488
61	1037	0.571245
1037	61	0.571245
61	1039	0.467040
1039	61	0.467040
61	1122	0.579342
1122	61	0.579342
61	1133	0.552289
1133	61	0.552289
61	1200	0.645479
1200	61	0.645479
61	1309	0.425163
1309	61	0.425163
61	1406	0.426990
1406	61	0.426990
61	1532	0.625831
1532	61	0.625831
61	1542	0.620602
1542	61	0.620602
61	1547	0.654190
1547	61	0.654190
61	1557	0.532895
1557	61	0.532895
61	1776	0.433042
1776	61	0.433042
61	1777	0.496061
1777	61	0.496061
61	1823	0.410100
1823	61	0.410100
61	1998	0.462297
1998	61	0.462297
61	2120	0.543099
2120	61	0.543099
61	2276	0.642207
2276	61	0.642207
61	2452	0.509252
2452	61	0.509252
61	2530	0.542990
2530	61	0.542990
61	2533	0.456266
2533	61	0.456266
61	2558	0.481859
2558	61	0.481859
61	2559	0.481899
2559	61	0.481899
61	2736	0.535299
2736	61	0.535299
61	2923	0.607901
2923	61	0.607901
61	2994	0.567793
2994	61	0.567793
61	3057	0.470312
3057	61	0.470312
61	3385	0.498109
3385	61	0.498109
61	3391	0.440901
3391	61	0.440901
61	3563	0.401832
3563	61	0.401832
61	3679	0.408207
3679	61	0.408207
62	62	1.000000
63	63	1.000000
63	69	0.856084
69	63	0.856084
63	72	0.918206
72	63	0.918206
64	64	1.000000
64	567	0.504701
567	64	0.504701
64	862	0.445565
862	64	0.445565
64	894	0.484153
894	64	0.484153
64	959	0.512341
959	64	0.512341
64	973	0.501882
973	64	0.501882
64	997	0.492208
997	64	0.492208
64	1014	0.403230
1014	64	0.403230
64	1018	0.441429
1018	64	0.441429
64	1143	0.430698
1143	64	0.430698
64	3067	0.426365
3067	64	0.426365
65	65	1.000000
65	136	0.430147
136	65	0.430147
66	66	1.000000
66	137	0.400993
137	66	0.400993
67	67	1.000000
67	2545	0.513084
2545	67	0.513084
68	68	1.000000
68	97	0.537715
97	68	0.537715
68	1547	0.405252
1547	68	0.405252
69	69	1.000000
69	72	0.837806
72	69	0.837806
70	70	1.000000
71	71	1.000000
71	90	0.482606
90	71	0.482606
71	109	0.439437
109	71	0.439437
71	114	0.434805
114	71	0.434805
71	115	0.519265
115	71	0.519265
71	118	0.474177
118	71	0.474177
71	130	0.470793
130	71	0.470793
71	136	0.447736
136	71	0.447736
72	72	1.000000
73	73	1.000000
73	80	0.822960
80	73	0.822960
73	103	0.714856
103	73	0.714856
73	107	0.713897
107	73	0.713897
73	108	0.781495
108	73	0.781495
73	111	0.742195
111	73	0.742195
73	2714	0.500599
2714	73	0.500599
73	3595	0.486485
3595	73	0.486485
74	74	1.000000
74	2517	0.486352
2517	74	0.486352
74	3339	0.456092
3339	74	0.456092
75	75	1.000000
75	76	0.652609
76	75	0.652609
75	87	0.660086
87	75	0.660086
76	76	1.000000
76	87	0.671785
87	76	0.671785
77	77	1.000000
77	3639	0.417552
3639	77	0.417552
78	78	1.000000
78	81	0.490737
81	78	0.490737
78	96	0.530136
96	78	0.530136
78	100	0.425619
100	78	0.425619
78	137	0.451334
137	78	0.451334
79	79	1.000000
80	80	1.000000
80	103	0.797048
103	80	0.797048
80	107	0.761801
107	80	0.761801
80	108	0.881559
108	80	0.881559
80	111	0.829069
111	80	0.829069
80	2714	0.519301
2714	80	0.519301
80	3595	0.598361
3595	80	0.598361
81	81	1.000000
81	96	0.636776
96	81	0.636776
81	100	0.402984
100	81	0.402984
81	137	0.448737
137	81	0.448737
82	82	1.000000
83	83	1.000000
84	84	1.000000
85	85	1.000000
86	86	1.000000
86	92	0.527100
92	86	0.527100
87	87	1.000000
88	88	1.000000
88	2416	0.443161
2416	88	0.443161
89	89	1.000000
90	90	1.000000
90	115	0.402226
115	90	0.402226
90	118	0.504271
118	90	0.504271
90	130	0.464865
130	90	0.464865
90	136	0.417163
136	90	0.417163
90	139	0.431447
139	90	0.431447
91	91	1.000000
92	92	1.000000
92	2556	0.462276
2556	92	0.462276
93	93	1.000000
93	94	0.476501
94	93	0.476501
94	94	1.000000
95	95	1.000000
96	96	1.000000
96	100	0.400828
100	96	0.400828
96	133	0.417323
133	96	0.417323
96	137	0.496260
137	96	0.496260
97	97	1.000000
97	751	0.476778
751	97	0.476778
97	1007	0.441371
1007	97	0.441371
97	1035	0.498719
1035	97	0.498719
97	1037	0.471148
1037	97	0.471148
97	1039	0.404985
1039	97	0.404985
97	1122	0.455374
1122	97	0.455374
97	1133	0.455809
1133	97	0.455809
97	1200	0.424526
1200	97	0.424526
97	1532	0.478880
1532	97	0.478880
97	1542	0.481252
1542	97	0.481252
97	1547	0.505295
1547	97	0.505295
97	1557	0.406240
1557	97	0.406240
97	2120	0.426878
2120	97	0.426878
97	2276	0.509316
2276	97	0.509316
97	2530	0.422361
2530	97	0.422361
97	2736	0.418614
2736	97	0.418614
97	2923	0.469259
2923	97	0.469259
97	2994	0.436532
2994	97	0.436532
98	98	1.000000
99	99	1.000000
100	100	1.000000
101	101	1.000000
101	104	0.532067
104	101	0.532067
102	102	1.000000
103	103	1.000000
103	107	0.661069
107	103	0.661069
103	108	0.721853
108	103	0.721853
103	111	0.766358
111	103	0.766358
103	2714	0.423539
2714	103	0.423539
103	3595	0.546024
3595	103	0.546024
104	104	1.000000
105	105	1.000000
106	106	1.000000
106	1196	0.513258
1196	106	0.513258
106	3128	0.410987
3128	106	0.410987
106	3160	0.446617
3160	106	0.446617
106	3316	0.416610
3316	106	0.416610
106	3336	0.456876
3336	106	0.456876
106	3340	0.415491
3340	106	0.415491
106	3341	0.444926
3341	106	0.444926
106	3343	0.415716
3343	106	0.415716
106	3345	0.432115
3345	106	0.432115
106	3347	0.448980
3347	106	0.448980
106	3350	0.427556
3350	106	0.427556
106	3352	0.533231
3352	106	0.533231
106	3354	0.481485
3354	106	0.481485
106	3364	0.561314
3364	106	0.561314
106	3398	0.421534
3398	106	0.421534
106	3416	0.406942
3416	106	0.406942
106	3417	0.432417
3417	106	0.432417
106	3418	0.429549
3418	106	0.429549
106	3419	0.413675
3419	106	0.413675
106	3421	0.437563
3421	106	0.437563
106	3426	0.521232
3426	106	0.521232
106	3427	0.429809
3427	106	0.429809
106	3430	0.505286
3430	106	0.505286
106	3438	0.405438
3438	106	0.405438
106	3443	0.488540
3443	106	0.488540
106	3445	0.507477
3445	106	0.507477
106	3457	0.471518
3457	106	0.471518
106	3518	0.469633
3518	106	0.469633
106	3552	0.449255
3552	106	0.449255
106	3701	0.438914
3701	106	0.438914
107	107	1.000000
107	108	0.715268
108	107	0.715268
107	111	0.701896
111	107	0.701896
107	2714	0.406069
2714	107	0.406069
107	3595	0.441146
3595	107	0.441146
108	108	1.000000
108	111	0.817481
111	108	0.817481
108	2714	0.486945
2714	108	0.486945
108	3595	0.530020
3595	108	0.530020
109	109	1.000000
110	110	1.000000
110	1109	0.460455
1109	110	0.460455
111	111	1.000000
111	2714	0.442877
2714	111	0.442877
111	3595	0.510753
3595	111	0.510753
112	112	1.000000
113	113	1.000000
113	121	0.646223
121	113	0.646223
113	126	0.550649
126	113	0.550649
113	138	0.672652
138	113	0.672652
114	114	1.000000
114	115	0.474941
115	114	0.474941
115	115	1.000000
115	118	0.468619
118	115	0.468619
115	130	0.437255
130	115	0.437255
115	136	0.440443
136	115	0.440443
116	116	1.000000
116	130	0.411213
130	116	0.411213
116	136	0.406103
136	116	0.406103
117	117	1.000000
118	118	1.000000
118	130	0.527650
130	118	0.527650
118	136	0.433853
136	118	0.433853
118	139	0.581725
139	118	0.581725
119	119	1.000000
120	120	1.000000
121	121	1.000000
121	126	0.573987
126	121	0.573987
121	138	0.643160
138	121	0.643160
122	122	1.000000
122	137	0.408851
137	122	0.408851
123	123	1.000000
124	124	1.000000
124	136	0.456425
136	124	0.456425
124	1285	0.641473
1285	124	0.641473
124	3056	0.561814
3056	124	0.561814
124	3060	0.530286
3060	124	0.530286
124	3076	0.509805
3076	124	0.509805
124	3077	0.441246
3077	124	0.441246
124	3081	0.425165
3081	124	0.425165
124	3089	0.509004
3089	124	0.509004
124	3126	0.517758
3126	124	0.517758
124	3173	0.539020
3173	124	0.539020
124	3195	0.456593
3195	124	0.456593
125	125	1.000000
126	126	1.000000
126	138	0.562728
138	126	0.562728
127	127	1.000000
128	128	1.000000
128	134	0.436469
134	128	0.436469
129	129	1.000000
130	130	1.000000
130	136	0.453501
136	130	0.453501
130	139	0.417345
139	130	0.417345
130	2556	0.405955
2556	130	0.405955
131	131	1.000000
131	132	0.645287
132	131	0.645287
131	133	0.544015
133	131	0.544015
131	137	0.592792
137	131	0.592792
132	132	1.000000
132	133	0.620399
133	132	0.620399
132	137	0.605609
137	132	0.605609
133	133	1.000000
133	137	0.652318
137	133	0.652318
134	134	1.000000
135	135	1.000000
135	142	0.465400
142	135	0.465400
136	136	1.000000
137	137	1.000000
138	138	1.000000
139	139	1.000000
140	140	1.000000
141	141	1.000000
142	142	1.000000
143	143	1.000000
144	144	1.000000
144	145	0.706114
145	144	0.706114
144	146	0.776834
146	144	0.776834
144	147	0.677455
147	144	0.677455
144	148	0.730298
148	144	0.730298
144	149	0.750331
149	144	0.750331
144	150	0.774547
150	144	0.774547
144	151	0.734122
151	144	0.734122
144	152	0.849607
152	144	0.849607
144	153	0.745110
153	144	0.745110
144	154	0.575254
154	144	0.575254
144	155	0.706685
155	144	0.706685
145	145	1.000000
145	146	0.752982
146	145	0.752982
145	147	0.802483
147	145	0.802483
145	148	0.794250
148	145	0.794250
145	149	0.823927
149	145	0.823927
145	150	0.868304
150	145	0.868304
145	151	0.816713
151	145	0.816713
145	152	0.833332
152	145	0.833332
145	153	0.762919
153	145	0.762919
145	154	0.619023
154	145	0.619023
145	155	0.827046
155	145	0.827046
146	146	1.000000
146	147	0.733699
147	146	0.733699
146	148	0.790510
148	146	0.790510
146	149	0.792420
149	146	0.792420
146	150	0.802303
150	146	0.802303
146	151	0.770740
151	146	0.770740
146	152	0.841912
152	146	0.841912
146	153	0.749584
153	146	0.749584
146	154	0.631085
154	146	0.631085
146	155	0.752385
155	146	0.752385
147	147	1.000000
147	148	0.787100
148	147	0.787100
147	149	0.774005
149	147	0.774005
147	150	0.814271
150	147	0.814271
147	151	0.778635
151	147	0.778635
147	152	0.804334
152	147	0.804334
147	153	0.745219
153	147	0.745219
147	154	0.644399
154	147	0.644399
147	155	0.791478
155	147	0.791478
148	148	1.000000
148	149	0.808687
149	148	0.808687
148	150	0.841040
150	148	0.841040
148	151	0.816070
151	148	0.816070
148	152	0.854809
152	148	0.854809
148	153	0.808834
153	148	0.808834
148	154	0.667418
154	148	0.667418
148	155	0.811812
155	148	0.811812
149	149	1.000000
149	150	0.887012
150	149	0.887012
149	151	0.823956
151	149	0.823956
149	152	0.850775
152	149	0.850775
149	153	0.784252
153	149	0.784252
149	154	0.628136
154	149	0.628136
149	155	0.812809
155	149	0.812809
150	150	1.000000
150	151	0.859075
151	150	0.859075
150	152	0.893708
152	150	0.893708
150	153	0.816028
153	150	0.816028
150	154	0.664047
154	150	0.664047
150	155	0.855857
155	150	0.855857
151	151	1.000000
151	152	0.865756
152	151	0.865756
151	153	0.776942
153	151	0.776942
151	154	0.644888
154	151	0.644888
151	155	0.837686
155	151	0.837686
152	152	1.000000
152	153	0.848672
153	152	0.848672
152	154	0.702232
154	152	0.702232
152	155	0.844027
155	152	0.844027
153	153	1.000000
153	154	0.669927
154	153	0.669927
153	155	0.789674
155	153	0.789674
154	154	1.000000
154	155	0.644864
155	154	0.644864
155	155	1.000000
156	156	1.000000
156	164	0.417133
164	156	0.417133
157	157	1.000000
158	158	1.000000
158	161	0.547215
161	158	0.547215
159	159	1.000000
160	160	1.000000
160	162	0.996013
162	160	0.996013
160	165	0.994132
165	160	0.994132
160	3619	0.792795
3619	160	0.792795
161	161	1.000000
162	162	1.000000
162	165	0.996707
165	162	0.996707
162	3619	0.792724
3619	162	0.792724
163	163	1.000000
163	164	0.534968
164	163	0.534968
163	166	0.610776
166	163	0.610776
164	164	1.000000
164	166	0.531083
166	164	0.531083
165	165	1.000000
165	3619	0.793705
3619	165	0.793705
166	166	1.000000
167	167	1.000000
168	168	1.000000
168	169	0.617628
169	168	0.617628
168	191	0.429204
191	168	0.429204
168	195	0.436939
195	168	0.436939
168	196	0.410093
196	168	0.410093
168	201	0.451288
201	168	0.451288
168	202	0.512118
202	168	0.512118
168	205	0.491337
205	168	0.491337
169	169	1.000000
169	173	0.485835
173	169	0.485835
169	189	0.426335
189	169	0.426335
169	190	0.411354
190	169	0.411354
169	191	0.497639
191	169	0.497639
169	192	0.489749
192	169	0.489749
169	194	0.519634
194	169	0.519634
169	195	0.485031
195	169	0.485031
169	196	0.409933
196	169	0.409933
169	199	0.451582
199	169	0.451582
169	201	0.514367
201	169	0.514367
169	202	0.519582
202	169	0.519582
169	204	0.467467
204	169	0.467467
169	205	0.415651
205	169	0.415651
169	206	0.411025
206	169	0.411025
169	265	0.402808
265	169	0.402808
169	284	0.416309
284	169	0.416309
170	170	1.000000
171	171	1.000000
171	174	0.670911
174	171	0.670911
171	175	0.538336
175	171	0.538336
171	176	0.575582
176	171	0.575582
171	177	0.470360
177	171	0.470360
171	179	0.523737
179	171	0.523737
171	180	0.546762
180	171	0.546762
171	182	0.590609
182	171	0.590609
171	207	0.496345
207	171	0.496345
171	208	0.613316
208	171	0.613316
171	210	0.483501
210	171	0.483501
171	212	0.494167
212	171	0.494167
171	214	0.461562
214	171	0.461562
171	215	0.655402
215	171	0.655402
171	218	0.676281
218	171	0.676281
171	223	0.600792
223	171	0.600792
171	232	0.667085
232	171	0.667085
171	236	0.591134
236	171	0.591134
171	240	0.598801
240	171	0.598801
171	242	0.609893
242	171	0.609893
171	245	0.561227
245	171	0.561227
171	246	0.589781
246	171	0.589781
171	251	0.679789
251	171	0.679789
171	254	0.655526
254	171	0.655526
171	255	0.703895
255	171	0.703895
171	257	0.555822
257	171	0.555822
171	259	0.623576
259	171	0.623576
171	260	0.477944
260	171	0.477944
171	264	0.482407
264	171	0.482407
171	266	0.535463
266	171	0.535463
171	268	0.636945
268	171	0.636945
171	269	0.661325
269	171	0.661325
171	270	0.643744
270	171	0.643744
171	272	0.687923
272	171	0.687923
171	274	0.572385
274	171	0.572385
171	275	0.575029
275	171	0.575029
171	276	0.715721
276	171	0.715721
171	277	0.683489
277	171	0.683489
171	279	0.619689
279	171	0.619689
171	282	0.665085
282	171	0.665085
171	285	0.568915
285	171	0.568915
172	172	1.000000
173	173	1.000000
173	189	0.435747
189	173	0.435747
173	191	0.429628
191	173	0.429628
173	194	0.500895
194	173	0.500895
173	201	0.462813
201	173	0.462813
173	202	0.434547
202	173	0.434547
173	204	0.424681
204	173	0.424681
173	217	0.437832
217	173	0.437832
173	248	0.421566
248	173	0.421566
173	261	0.436971
261	173	0.436971
173	265	0.410793
265	173	0.410793
173	273	0.452502
273	173	0.452502
173	290	0.423782
290	173	0.423782
173	303	0.571432
303	173	0.571432
173	318	0.438137
318	173	0.438137
173	336	0.536406
336	173	0.536406
173	362	0.447124
362	173	0.447124
173	372	0.452718
372	173	0.452718
173	373	0.442299
373	173	0.442299
173	389	0.400074
389	173	0.400074
173	435	0.480358
435	173	0.480358
173	443	0.455779
443	173	0.455779
173	452	0.463965
452	173	0.463965
173	468	0.509268
468	173	0.509268
173	491	0.420939
491	173	0.420939
173	519	0.441052
519	173	0.441052
173	521	0.424233
521	173	0.424233
174	174	1.000000
174	175	0.471852
175	174	0.471852
174	176	0.616861
176	174	0.616861
174	177	0.525964
177	174	0.525964
174	179	0.473277
179	174	0.473277
174	180	0.491454
180	174	0.491454
174	182	0.507557
182	174	0.507557
174	207	0.411052
207	174	0.411052
174	208	0.525241
208	174	0.525241
174	210	0.418998
210	174	0.418998
174	215	0.608374
215	174	0.608374
174	218	0.574644
218	174	0.574644
174	223	0.557094
223	174	0.557094
174	232	0.655560
232	174	0.655560
174	236	0.514009
236	174	0.514009
174	240	0.514467
240	174	0.514467
174	242	0.514728
242	174	0.514728
174	245	0.483605
245	174	0.483605
174	246	0.549347
246	174	0.549347
174	251	0.585451
251	174	0.585451
174	254	0.557259
254	174	0.557259
174	255	0.579071
255	174	0.579071
174	257	0.494643
257	174	0.494643
174	259	0.523921
259	174	0.523921
174	260	0.442431
260	174	0.442431
174	266	0.510107
266	174	0.510107
174	268	0.587158
268	174	0.587158
174	269	0.582626
269	174	0.582626
174	270	0.532420
270	174	0.532420
174	272	0.626202
272	174	0.626202
174	274	0.455958
274	174	0.455958
174	275	0.502747
275	174	0.502747
174	276	0.616196
276	174	0.616196
174	277	0.591832
277	174	0.591832
174	279	0.594650
279	174	0.594650
174	282	0.568913
282	174	0.568913
174	285	0.554268
285	174	0.554268
175	175	1.000000
175	176	0.455392
176	175	0.455392
175	177	0.633275
177	175	0.633275
175	207	0.638900
207	175	0.638900
175	208	0.532775
208	175	0.532775
175	210	0.412656
210	175	0.412656
175	214	0.450282
214	175	0.450282
175	215	0.404144
215	175	0.404144
175	223	0.623576
223	175	0.623576
175	232	0.521147
232	175	0.521147
175	237	0.549444
237	175	0.549444
175	240	0.416615
240	175	0.416615
175	245	0.563952
245	175	0.563952
175	246	0.462207
246	175	0.462207
175	249	0.435632
249	175	0.435632
175	251	0.470984
251	175	0.470984
175	254	0.485540
254	175	0.485540
175	255	0.445668
255	175	0.445668
175	257	0.488340
257	175	0.488340
175	260	0.513289
260	175	0.513289
175	264	0.469110
264	175	0.469110
175	266	0.408302
266	175	0.408302
175	268	0.440044
268	175	0.440044
175	269	0.635256
269	175	0.635256
175	270	0.412248
270	175	0.412248
175	272	0.528987
272	175	0.528987
175	274	0.460417
274	175	0.460417
175	275	0.427799
275	175	0.427799
175	276	0.545724
276	175	0.545724
175	277	0.590255
277	175	0.590255
175	279	0.547526
279	175	0.547526
175	282	0.593739
282	175	0.593739
175	631	0.401132
631	175	0.401132
176	176	1.000000
176	177	0.742684
177	176	0.742684
176	180	0.433152
180	176	0.433152
176	208	0.469820
208	176	0.469820
176	215	0.497545
215	176	0.497545
176	218	0.441929
218	176	0.441929
176	223	0.549220
223	176	0.549220
176	232	0.597290
232	176	0.597290
176	236	0.470178
236	176	0.470178
176	237	0.401623
237	176	0.401623
176	240	0.432926
240	176	0.432926
176	242	0.472174
242	176	0.472174
176	246	0.463163
246	176	0.463163
176	251	0.464505
251	176	0.464505
176	254	0.480142
254	176	0.480142
176	255	0.553218
255	176	0.553218
176	257	0.486578
257	176	0.486578
176	259	0.459388
259	176	0.459388
176	260	0.478101
260	176	0.478101
176	268	0.491781
268	176	0.491781
176	269	0.506524
269	176	0.506524
176	270	0.429376
270	176	0.429376
176	272	0.590633
272	176	0.590633
176	276	0.532742
276	176	0.532742
176	277	0.444352
277	176	0.444352
176	279	0.601153
279	176	0.601153
176	282	0.516435
282	176	0.516435
176	285	0.466969
285	176	0.466969
177	177	1.000000
177	207	0.431633
207	177	0.431633
177	208	0.452676
208	177	0.452676
177	215	0.423284
215	177	0.423284
177	223	0.576296
223	177	0.576296
177	232	0.553654
232	177	0.553654
177	237	0.579766
237	177	0.579766
177	245	0.441023
245	177	0.441023
177	246	0.431162
246	177	0.431162
177	251	0.409930
251	177	0.409930
177	254	0.431008
254	177	0.431008
177	255	0.423913
255	177	0.423913
177	257	0.454321
257	177	0.454321
177	260	0.478366
260	177	0.478366
177	268	0.413579
268	177	0.413579
177	269	0.534717
269	177	0.534717
177	272	0.491059
272	177	0.491059
177	275	0.400094
275	177	0.400094
177	276	0.482201
276	177	0.482201
177	277	0.477436
277	177	0.477436
177	279	0.542280
279	177	0.542280
177	282	0.533154
282	177	0.533154
178	178	1.000000
178	183	0.622318
183	178	0.622318
179	179	1.000000
179	180	0.600315
180	179	0.600315
179	182	0.447975
182	179	0.447975
179	207	0.405001
207	179	0.405001
179	208	0.489354
208	179	0.489354
179	210	0.438827
210	179	0.438827
179	212	0.503905
212	179	0.503905
179	214	0.458226
214	179	0.458226
179	215	0.481438
215	179	0.481438
179	218	0.579081
218	179	0.579081
179	223	0.411390
223	179	0.411390
179	230	0.404657
230	179	0.404657
179	232	0.582638
232	179	0.582638
179	240	0.534435
240	179	0.534435
179	245	0.454622
245	179	0.454622
179	246	0.448170
246	179	0.448170
179	251	0.506068
251	179	0.506068
179	254	0.511359
254	179	0.511359
179	255	0.510175
255	179	0.510175
179	256	0.419303
256	179	0.419303
179	257	0.536185
257	179	0.536185
179	259	0.568088
259	179	0.568088
179	260	0.422697
260	179	0.422697
179	264	0.476689
264	179	0.476689
179	266	0.469253
266	179	0.469253
179	268	0.441311
268	179	0.441311
179	269	0.510546
269	179	0.510546
179	270	0.485709
270	179	0.485709
179	272	0.456598
272	179	0.456598
179	273	0.482565
273	179	0.482565
179	274	0.438737
274	179	0.438737
179	275	0.477624
275	179	0.477624
179	276	0.495770
276	179	0.495770
179	277	0.482122
277	179	0.482122
179	282	0.474347
282	179	0.474347
179	285	0.406833
285	179	0.406833
180	180	1.000000
180	182	0.455518
182	180	0.455518
180	207	0.411991
207	180	0.411991
180	208	0.503751
208	180	0.503751
180	210	0.417909
210	180	0.417909
180	215	0.518934
215	180	0.518934
180	218	0.548895
218	180	0.548895
180	223	0.476837
223	180	0.476837
180	232	0.585261
232	180	0.585261
180	236	0.430873
236	180	0.430873
180	240	0.525266
240	180	0.525266
180	242	0.449369
242	180	0.449369
180	245	0.472202
245	180	0.472202
180	246	0.506406
246	180	0.506406
180	251	0.514260
251	180	0.514260
180	254	0.506409
254	180	0.506409
180	255	0.536598
255	180	0.536598
180	257	0.573192
257	180	0.573192
180	259	0.562051
259	180	0.562051
180	260	0.457734
260	180	0.457734
180	264	0.416541
264	180	0.416541
180	266	0.457675
266	180	0.457675
180	268	0.477899
268	180	0.477899
180	269	0.539537
269	180	0.539537
180	270	0.496269
270	180	0.496269
180	272	0.542428
272	180	0.542428
180	274	0.432273
274	180	0.432273
180	275	0.443251
275	180	0.443251
180	276	0.519950
276	180	0.519950
180	277	0.510142
277	180	0.510142
180	279	0.488179
279	180	0.488179
180	282	0.504864
282	180	0.504864
180	285	0.455532
285	180	0.455532
181	181	1.000000
181	182	0.425760
182	181	0.425760
181	210	0.481929
210	181	0.481929
181	212	0.550399
212	181	0.550399
181	214	0.447297
214	181	0.447297
181	215	0.413308
215	181	0.413308
181	217	0.502237
217	181	0.502237
181	218	0.439272
218	181	0.439272
181	230	0.484309
230	181	0.484309
181	232	0.414014
232	181	0.414014
181	233	0.566205
233	181	0.566205
181	234	0.547505
234	181	0.547505
181	240	0.440620
240	181	0.440620
181	248	0.480031
248	181	0.480031
181	251	0.413332
251	181	0.413332
181	256	0.540304
256	181	0.540304
181	259	0.435362
259	181	0.435362
181	266	0.485477
266	181	0.485477
181	273	0.516550
273	181	0.516550
182	182	1.000000
182	207	0.494152
207	182	0.494152
182	208	0.546780
208	182	0.546780
182	210	0.499804
210	182	0.499804
182	212	0.512423
212	182	0.512423
182	214	0.438677
214	182	0.438677
182	215	0.601413
215	182	0.601413
182	218	0.586765
218	182	0.586765
182	223	0.477409
223	182	0.477409
182	230	0.406333
230	182	0.406333
182	232	0.582391
232	182	0.582391
182	236	0.406362
236	182	0.406362
182	240	0.644000
240	182	0.644000
182	242	0.408913
242	182	0.408913
182	245	0.521693
245	182	0.521693
182	246	0.514196
246	182	0.514196
182	251	0.573129
251	182	0.573129
182	254	0.557938
254	182	0.557938
182	255	0.564092
255	182	0.564092
182	257	0.495107
257	182	0.495107
182	259	0.647931
259	182	0.647931
182	260	0.429512
260	182	0.429512
182	264	0.487867
264	182	0.487867
182	266	0.498658
266	182	0.498658
182	268	0.551708
268	182	0.551708
182	269	0.592855
269	182	0.592855
182	270	0.535796
270	182	0.535796
182	272	0.540189
272	182	0.540189
182	274	0.522060
274	182	0.522060
182	275	0.565894
275	182	0.565894
182	276	0.546050
276	182	0.546050
182	277	0.590732
277	182	0.590732
182	279	0.501946
279	182	0.501946
182	282	0.567889
282	182	0.567889
182	285	0.476181
285	182	0.476181
183	183	1.000000
183	263	0.454309
263	183	0.454309
184	184	1.000000
184	185	0.580692
185	184	0.580692
184	186	0.536556
186	184	0.536556
184	187	0.594032
187	184	0.594032
184	188	0.475941
188	184	0.475941
184	189	0.520172
189	184	0.520172
184	190	0.467296
190	184	0.467296
184	191	0.528803
191	184	0.528803
184	192	0.499462
192	184	0.499462
184	193	0.574654
193	184	0.574654
184	194	0.510164
194	184	0.510164
184	195	0.545962
195	184	0.545962
184	196	0.642771
196	184	0.642771
184	197	0.563583
197	184	0.563583
184	198	0.546415
198	184	0.546415
184	199	0.531805
199	184	0.531805
184	200	0.449814
200	184	0.449814
184	201	0.498218
201	184	0.498218
184	202	0.506746
202	184	0.506746
184	203	0.482483
203	184	0.482483
184	204	0.495279
204	184	0.495279
184	205	0.558316
205	184	0.558316
184	206	0.507560
206	184	0.507560
185	185	1.000000
185	186	0.628031
186	185	0.628031
185	187	0.564896
187	185	0.564896
185	188	0.443011
188	185	0.443011
185	190	0.575366
190	185	0.575366
185	191	0.605504
191	185	0.605504
185	192	0.507180
192	185	0.507180
185	193	0.657850
193	185	0.657850
185	194	0.505284
194	185	0.505284
185	195	0.565339
195	185	0.565339
185	196	0.677947
196	185	0.677947
185	197	0.725208
197	185	0.725208
185	198	0.558219
198	185	0.558219
185	199	0.471977
199	185	0.471977
185	200	0.557770
200	185	0.557770
185	201	0.519998
201	185	0.519998
185	202	0.594628
202	185	0.594628
185	203	0.631039
203	185	0.631039
185	204	0.455139
204	185	0.455139
185	205	0.605504
205	185	0.605504
185	206	0.539586
206	185	0.539586
186	186	1.000000
186	188	0.487241
188	186	0.487241
186	191	0.439247
191	186	0.439247
186	192	0.489935
192	186	0.489935
186	193	0.629440
193	186	0.629440
186	194	0.411516
194	186	0.411516
186	195	0.506405
195	186	0.506405
186	196	0.496634
196	186	0.496634
186	197	0.740117
197	186	0.740117
186	198	0.703411
198	186	0.703411
186	200	0.400134
200	186	0.400134
186	204	0.410543
204	186	0.410543
186	206	0.424640
206	186	0.424640
187	187	1.000000
187	188	0.496395
188	187	0.496395
187	189	0.614771
189	187	0.614771
187	190	0.578473
190	187	0.578473
187	191	0.626365
191	187	0.626365
187	192	0.541867
192	187	0.541867
187	193	0.489376
193	187	0.489376
187	194	0.605495
194	187	0.605495
187	195	0.553294
195	187	0.553294
187	196	0.616354
196	187	0.616354
187	197	0.501621
197	187	0.501621
187	198	0.427468
198	187	0.427468
187	199	0.576363
199	187	0.576363
187	200	0.529171
200	187	0.529171
187	201	0.573610
201	187	0.573610
187	202	0.589415
202	187	0.589415
187	203	0.660248
203	187	0.660248
187	204	0.607444
204	187	0.607444
187	205	0.718846
205	187	0.718846
187	206	0.603299
206	187	0.603299
187	261	0.424214
261	187	0.424214
188	188	1.000000
188	189	0.527142
189	188	0.527142
188	190	0.426726
190	188	0.426726
188	191	0.491657
191	188	0.491657
188	192	0.579261
192	188	0.579261
188	193	0.448288
193	188	0.448288
188	194	0.476150
194	188	0.476150
188	195	0.661517
195	188	0.661517
188	196	0.544266
196	188	0.544266
188	197	0.560540
197	188	0.560540
188	198	0.582048
198	188	0.582048
188	199	0.408976
199	188	0.408976
188	200	0.445347
200	188	0.445347
188	201	0.463373
201	188	0.463373
188	202	0.478017
202	188	0.478017
188	203	0.421662
203	188	0.421662
188	204	0.467592
204	188	0.467592
188	205	0.527717
205	188	0.527717
188	206	0.545528
206	188	0.545528
188	261	0.454354
261	188	0.454354
188	284	0.438436
284	188	0.438436
189	189	1.000000
189	190	0.486163
190	189	0.486163
189	191	0.538136
191	189	0.538136
189	192	0.514466
192	189	0.514466
189	193	0.451374
193	189	0.451374
189	194	0.566964
194	189	0.566964
189	195	0.529498
195	189	0.529498
189	196	0.492103
196	189	0.492103
189	197	0.477713
197	189	0.477713
189	198	0.403680
198	189	0.403680
189	199	0.583415
199	189	0.583415
189	201	0.590436
201	189	0.590436
189	202	0.510035
202	189	0.510035
189	203	0.402232
203	189	0.402232
189	204	0.529486
204	189	0.529486
189	205	0.529104
205	189	0.529104
189	206	0.532040
206	189	0.532040
189	261	0.469966
261	189	0.469966
190	190	1.000000
190	191	0.599283
191	190	0.599283
190	192	0.525280
192	190	0.525280
190	193	0.402437
193	190	0.402437
190	194	0.598763
194	190	0.598763
190	195	0.493774
195	190	0.493774
190	196	0.522866
196	190	0.522866
190	197	0.503030
197	190	0.503030
190	199	0.493077
199	190	0.493077
190	200	0.546200
200	190	0.546200
190	201	0.525082
201	190	0.525082
190	202	0.502492
202	190	0.502492
190	203	0.607583
203	190	0.607583
190	204	0.564020
204	190	0.564020
190	205	0.546650
205	190	0.546650
190	206	0.567259
206	190	0.567259
191	191	1.000000
191	192	0.535882
192	191	0.535882
191	193	0.482468
193	191	0.482468
191	194	0.639849
194	191	0.639849
191	195	0.593768
195	191	0.593768
191	196	0.601359
196	191	0.601359
191	197	0.564838
197	191	0.564838
191	198	0.505078
198	191	0.505078
191	199	0.538223
199	191	0.538223
191	200	0.500981
200	191	0.500981
191	201	0.565402
201	191	0.565402
191	202	0.610118
202	191	0.610118
191	203	0.696819
203	191	0.696819
191	204	0.547987
204	191	0.547987
191	205	0.601966
205	191	0.601966
191	206	0.591589
206	191	0.591589
191	261	0.427015
261	191	0.427015
191	284	0.446876
284	191	0.446876
192	192	1.000000
192	193	0.478954
193	192	0.478954
192	194	0.606858
194	192	0.606858
192	195	0.589156
195	192	0.589156
192	196	0.587186
196	192	0.587186
192	197	0.548187
197	192	0.548187
192	198	0.496198
198	192	0.496198
192	199	0.530401
199	192	0.530401
192	200	0.508999
200	192	0.508999
192	201	0.580428
201	192	0.580428
192	202	0.675216
202	192	0.675216
192	203	0.495046
203	192	0.495046
192	204	0.729830
204	192	0.729830
192	205	0.548007
205	192	0.548007
192	206	0.611729
206	192	0.611729
192	261	0.409133
261	192	0.409133
193	193	1.000000
193	194	0.451532
194	193	0.451532
193	195	0.504692
195	193	0.504692
193	196	0.607087
196	193	0.607087
193	197	0.651561
197	193	0.651561
193	198	0.533897
198	193	0.533897
193	199	0.433371
199	193	0.433371
193	200	0.447274
200	193	0.447274
193	201	0.448092
201	193	0.448092
193	202	0.518615
202	193	0.518615
193	203	0.452401
203	193	0.452401
193	204	0.421002
204	193	0.421002
193	205	0.489063
205	193	0.489063
193	206	0.463291
206	193	0.463291
194	194	1.000000
194	195	0.525719
195	194	0.525719
194	196	0.516551
196	194	0.516551
194	197	0.456617
197	194	0.456617
194	198	0.422341
198	194	0.422341
194	199	0.569684
199	194	0.569684
194	200	0.492452
200	194	0.492452
194	201	0.579732
201	194	0.579732
194	202	0.573894
202	194	0.573894
194	203	0.585489
203	194	0.585489
194	204	0.676668
204	194	0.676668
194	205	0.537939
205	194	0.537939
194	206	0.555294
206	194	0.555294
194	284	0.408680
284	194	0.408680
195	195	1.000000
195	196	0.621921
196	195	0.621921
195	197	0.623558
197	195	0.623558
195	198	0.623615
198	195	0.623615
195	199	0.501831
199	195	0.501831
195	200	0.537174
200	195	0.537174
195	201	0.557202
201	195	0.557202
195	202	0.543725
202	195	0.543725
195	203	0.510811
203	195	0.510811
195	204	0.472831
204	195	0.472831
195	205	0.578027
205	195	0.578027
195	206	0.563807
206	195	0.563807
195	221	0.400287
221	195	0.400287
195	261	0.529253
261	195	0.529253
195	262	0.473992
262	195	0.473992
195	280	0.423021
280	195	0.423021
195	284	0.420373
284	195	0.420373
196	196	1.000000
196	197	0.596314
197	196	0.596314
196	198	0.515129
198	196	0.515129
196	199	0.516588
199	196	0.516588
196	200	0.560557
200	196	0.560557
196	201	0.561786
201	196	0.561786
196	202	0.622766
202	196	0.622766
196	203	0.572434
203	196	0.572434
196	204	0.492775
204	196	0.492775
196	205	0.619194
205	196	0.619194
196	206	0.576799
206	196	0.576799
197	197	1.000000
197	198	0.695558
198	197	0.695558
197	199	0.440435
199	197	0.440435
197	200	0.481182
200	197	0.481182
197	201	0.482860
201	197	0.482860
197	202	0.488941
202	197	0.488941
197	203	0.439415
203	197	0.439415
197	204	0.432182
204	197	0.432182
197	205	0.512814
205	197	0.512814
197	206	0.537439
206	197	0.537439
197	261	0.430325
261	197	0.430325
198	198	1.000000
198	200	0.427789
200	198	0.427789
198	203	0.403678
203	198	0.403678
198	204	0.406595
204	198	0.406595
198	205	0.436829
205	198	0.436829
198	206	0.472830
206	198	0.472830
198	284	0.422342
284	198	0.422342
199	199	1.000000
199	200	0.419510
200	199	0.419510
199	201	0.558154
201	199	0.558154
199	202	0.541255
202	199	0.541255
199	203	0.481076
203	199	0.481076
199	204	0.555067
204	199	0.555067
199	205	0.495643
205	199	0.495643
199	206	0.499427
206	199	0.499427
200	200	1.000000
200	201	0.416238
201	200	0.416238
200	202	0.482096
202	200	0.482096
200	203	0.563837
203	200	0.563837
200	204	0.502078
204	200	0.502078
200	205	0.533066
205	200	0.533066
200	206	0.565833
206	200	0.565833
201	201	1.000000
201	202	0.635877
202	201	0.635877
201	203	0.513147
203	201	0.513147
201	204	0.561885
204	201	0.561885
201	205	0.568740
205	201	0.568740
201	206	0.498328
206	201	0.498328
201	221	0.428785
221	201	0.428785
201	261	0.457111
261	201	0.457111
201	280	0.418417
280	201	0.418417
202	202	1.000000
202	203	0.587176
203	202	0.587176
202	204	0.629567
204	202	0.629567
202	205	0.648179
205	202	0.648179
202	206	0.609425
206	202	0.609425
202	221	0.424858
221	202	0.424858
203	203	1.000000
203	204	0.520598
204	203	0.520598
203	205	0.637157
205	203	0.637157
203	206	0.564896
206	203	0.564896
204	204	1.000000
204	205	0.491843
205	204	0.491843
204	206	0.591580
206	204	0.591580
205	205	1.000000
205	206	0.592017
206	205	0.592017
205	261	0.432672
261	205	0.432672
206	206	1.000000
207	207	1.000000
207	208	0.627975
208	207	0.627975
207	210	0.474626
210	207	0.474626
207	212	0.426834
212	207	0.426834
207	214	0.506047
214	207	0.506047
207	215	0.448680
215	207	0.448680
207	218	0.449311
218	207	0.449311
207	223	0.576484
223	207	0.576484
207	232	0.529350
232	207	0.529350
207	234	0.413429
234	207	0.413429
207	237	0.427156
237	207	0.427156
207	240	0.523561
240	207	0.523561
207	245	0.627289
245	207	0.627289
207	246	0.501789
246	207	0.501789
207	248	0.450361
248	207	0.450361
207	249	0.560141
249	207	0.560141
207	251	0.514786
251	207	0.514786
207	254	0.503513
254	207	0.503513
207	255	0.463425
255	207	0.463425
207	257	0.518990
257	207	0.518990
207	259	0.458138
259	207	0.458138
207	260	0.560670
260	207	0.560670
207	264	0.563590
264	207	0.563590
207	266	0.477822
266	207	0.477822
207	268	0.451651
268	207	0.451651
207	269	0.613283
269	207	0.613283
207	270	0.441783
270	207	0.441783
207	272	0.493695
272	207	0.493695
207	274	0.547600
274	207	0.547600
207	275	0.509546
275	207	0.509546
207	276	0.494209
276	207	0.494209
207	277	0.606037
277	207	0.606037
207	279	0.468254
279	207	0.468254
207	282	0.573283
282	207	0.573283
208	208	1.000000
208	210	0.460477
210	208	0.460477
208	212	0.460001
212	208	0.460001
208	214	0.483055
214	208	0.483055
208	215	0.574328
215	208	0.574328
208	218	0.578492
218	208	0.578492
208	223	0.543214
223	208	0.543214
208	232	0.656154
232	208	0.656154
208	236	0.434024
236	208	0.434024
208	240	0.597856
240	208	0.597856
208	242	0.452175
242	208	0.452175
208	244	0.442804
244	208	0.442804
208	245	0.596566
245	208	0.596566
208	246	0.586849
246	208	0.586849
208	249	0.427832
249	208	0.427832
208	251	0.603355
251	208	0.603355
208	254	0.598671
254	208	0.598671
208	255	0.566506
255	208	0.566506
208	257	0.573349
257	208	0.573349
208	259	0.592593
259	208	0.592593
208	260	0.527544
260	208	0.527544
208	264	0.558274
264	208	0.558274
208	266	0.515483
266	208	0.515483
208	268	0.592623
268	208	0.592623
208	269	0.647973
269	208	0.647973
208	270	0.524214
270	208	0.524214
208	272	0.617927
272	208	0.617927
208	274	0.628818
274	208	0.628818
208	275	0.601063
275	208	0.601063
208	276	0.640069
276	208	0.640069
208	277	0.640507
277	208	0.640507
208	279	0.564069
279	208	0.564069
208	282	0.630106
282	208	0.630106
208	285	0.476115
285	208	0.476115
209	209	1.000000
209	544	0.481147
544	209	0.481147
210	210	1.000000
210	212	0.471676
212	210	0.471676
210	214	0.520321
214	210	0.520321
210	215	0.442050
215	210	0.442050
210	218	0.492250
218	210	0.492250
210	223	0.459355
223	210	0.459355
210	232	0.514997
232	210	0.514997
210	233	0.413340
233	210	0.413340
210	240	0.484332
240	210	0.484332
210	245	0.490251
245	210	0.490251
210	246	0.425291
246	210	0.425291
210	248	0.437689
248	210	0.437689
210	251	0.462889
251	210	0.462889
210	254	0.454210
254	210	0.454210
210	255	0.418877
255	210	0.418877
210	257	0.475942
257	210	0.475942
210	259	0.465774
259	210	0.465774
210	260	0.424758
260	210	0.424758
210	264	0.463341
264	210	0.463341
210	266	0.467374
266	210	0.467374
210	268	0.403477
268	210	0.403477
210	269	0.484537
269	210	0.484537
210	270	0.445425
270	210	0.445425
210	272	0.440998
272	210	0.440998
210	273	0.448926
